zlmlk1,11,11
vqjvxtc79mvdnktdsxcqc1sevenone,71,82
vsskdclbtmjmvrseven6,76,158
8jkfncbeight7seven8,88,246
six8dbfrsxp,68,314
2zpcbjdxcjfone68six,26,340
zqmzgfivethreefdnlhpeight8798,58,398
fivenineone6,56,454
6sixzvdsprdqlftwonine,69,523
lqztrmztwo8dg,28,551
four6onerv2pfhm,42,593
plvzrs5,55,648
5282gdnc918,58,706
pskjsrchjpxoneonenine96fivefour,14,720
fivefour2hhtprpjndm4,54,774
6qbdcfdjsd1lmldklflteight,68,842
gctgdhpkkjninekj65rkqg8,98,940
eight6gcjlsmzt5,85,1025
5chvmhmfgl7xkjfdpdbp,57,1082
5tpzpnrgpftrnine,59,1141
threeonehqbzktq1,31,1172
685fivetwofour4lvgxgdb,64,1236
9jdxljkfqttstqxdzdsztsxrfjbkqmmsqzseven,97,1333
twostcllbpndtwo15seven,27,1360
8fivetwofivetjfvsxzs5kdkpxgxvsfhr7,87,1447
sevenlvrc2fivefivesixqkzdkrfour,74,1521
45jjpmnscmmk,45,1566
lhxgbfjtcknpvz6,66,1632
tndgnkcqtjbrzgbrfjr3fiveqxlktntzthree,33,1665
vqb6threeeightbdt,68,1733
1eighteight7fourone8,18,1751
bcmqn9onecnrzhsrsgzggzhtskjeightbz6khfhccktwonenrj,92,1843
6qmgkbkmlxfourprhxrxrdseight,68,1911
9three479,99,2010
9two6zhtjzfmjrteight,98,2108
1fiverrxdmvfvxhs7jqzzqpcflzt75,15,2123
pnjmlpbbeightskgdf6one,81,2204
6cpzqzfsjtpfq135,65,2269
484,44,2313
llfvhxglfivesixthreenseven36,56,2369
jhcpt9rq7fhzbnhk,97,2466
tthree5lrgtbxxvonezfmdpseven2,32,2498
67jmrxfdmfbmzsixkzghng,66,2564
sixthreefdbzhslqone2sevenfoursevennlnpjgsx,67,2631
54zrkfbfq,54,2685
six7rfpfbzbghxcnxlnfjkznine7,67,2752
8dfoursm338cz,88,2840
sevenfiveeightone68,78,2918
dqmvcbdclx23653,23,2941
eight58qgjlcvflrggndskff,88,3029
shmmk28,28,3057
93eightdtgcnhphv1,91,3148
gdtdjgggtj3dgrqsmvfh,33,3181
one3pksbh32three,13,3194
9kkpjrmhmmlzvqngnhftwoonexjqmnfive,95,3289
rlsevenblrvrk7,77,3366
nine9hqmtshkjdhs,99,3465
93fdbrbnnvxsktggqnjfjk7brsncmxkcfzhm34,94,3559
248twofbkfpxtheightwovng,28,3587
28746threecbffiveseven,27,3614
eight449,89,3703
4eightnine4ptmzvpfqxhrzvrpjhfsdsvlhbht,44,3747
sevensevenfive6bjf,76,3823
sqthreevhmvbgxvnk2one,31,3854
ghpsix5seven31,61,3915
7llnsgdtzbxjbbqcmxfhgcdnptwothreeone,71,3986
eight3fouroneplsrfvqf,81,4067
4six6one,41,4108
27twofvlssjbsk8j,28,4136
njlllqnrvx8four,84,4220
5onekcngbbmpnxseven9fourzcprjp,54,4274
sevenfive2sevenknzpxtx,77,4351
8eightljhtmnxpjhxhnqtwo1rjddcbj,81,4432
mzsqh3sixfivethree,33,4465
deightwoeighteight5,85,4550
nine42sevenscnjeight97,97,4647
2gcrkrfourfivenpzssevenseven4,24,4671
eightdtwosevenmj3two,82,4753
9zkhqlcd3,93,4846
ctpncdkcmonehfive9,19,4865
sixrtwo7rqnine689,69,4934
sevenm16gshq4xqdxqbhcl,74,5008
zxxnrpstkkmnhcc6,66,5074
three1sixninelsxrbkpneight,38,5112
jzkfvrtmctjz5,55,5167
sdsfrh4nine,49,5216
foureightfive7six,46,5262
ninesixfivefive53seven,97,5359
42threezpvxnrg5sfzctbtk,45,5404
seven7pkfnqggvjthreextfksczdd,73,5477
xsb6ntlfzxvlxrkx1sevenkmnqxhcdnqkdzt,67,5544
6sbzfqfdm,66,5610
lrfjxppqbdseven94ntnskpkdqeightsix5xskh,75,5685
98czzcq,98,5783
696cmcdpztwojk6tz,66,5849
jbpfbqfdd64four2onezrfm,61,5910
9jfklkpcffive5phpzqvhrtcqvmxvmgljn8,98,6008
329sixjglqzqzjnlsqbnqnzsb56,36,6044
59three,53,6097
4863five,45,6142
6txkcgtn7gtsxgtnine,69,6211
lxdtnjvjbgxpnrft8eight2cjqfdtrk6dm,86,6297
twothree53,23,6320
two1qf4,24,6344
6ltxhxcdfive,65,6409
rlrdkzgnk6mnsbxfkhh,66,6475
41z4nzcqzjqrnmsixtrrbgtwo,42,6517
tbnsixsixtwomptdjtzkxfhlflpcdnbmrbctjscxq6qtmjmkpfk,66,6583
1vqlkjtmjeightcjzxnzscczqmxcpvnprhtwo,12,6595
lznhcphkdmrhpninesix344,94,6689
fggprsvtgmbbtlk14xkrnbcjrdbrsbdltfztmtwo,12,6701
6rqlzs34cdlzmxone,61,6762
two7zpbgsxl,27,6789
lckblpljvv5two75fivegttgmvcpmlhltxz,55,6844
bjfbxdpvnj581three,53,6897
1seven4,14,6911
8ninezhzrgg6crlpggmtfour41lhjcqtblh,81,6992
seveneight8sevenoneshvkcdhgfmxhn7dzccsdfkcx,77,7069
7zljpgl2,72,7141
six1two,62,7203
fourztcnpn8bsbzfhdhgkjjsthree,43,7246
onepthfrh9vcs9sevenhljhmprhlsjrr,17,7263
vlnpmqlpjfour5,45,7308
two3qfourlqsninethreefour,24,7332
hshdseven7,77,7409
eightfive4five6four4flrzhrxzlreight,88,7497
five187,57,7554
seven2xlbqkhtflqtsfhrf1vvnbt,71,7625
onefiveninethree26,16,7641
2sck1n9eight6,26,7667
6sixsix7two9xznczchmx,69,7736
27eight,28,7764
7six3,73,7837
ztlbbncthreeseven54three,33,7870
eight8r6mcrcgrz51,81,7951
eightnines6nine75,85,8036
nhx83fivetwofivefourrvxqhnpeightwoj,88,8124
857sixzrnine6dlprzx,86,8210
lteightwo2132seven7oneone,81,8291
1516ldxxftfnineseven5,15,8306
6fourfivej3,63,8369
sjmjp99,99,8468
bprsznhxztpp51,51,8519
cmfivetwo1four,54,8573
6mgcffzzspll15djsoneseven,67,8640
9qjcvfourqdtmhlqzfxfg6,96,8736
six45fivetwo3zkpxmxsgxtmg4,64,8800
three12four72kvztxqdmfxhrxsp,32,8832
threeninebnzthreedfqvm93kqmxpsnmb,33,8865
8nzfbcmghfive92,82,8947
914six,96,9043
sevenfive6,76,9119
3bxxccqzdjsfive78lhtpbl,38,9157
5zdvjxsfvcptngh5,55,9212
vboneight4six17,17,9229
seven8eight9krfhll3lnine,79,9308
stv4eightonesixcfveight,48,9356
rnmjpszvx94fivefzsphkkftgxpsfhvthsbv,95,9451
zmntmkcbgrtwonspdq7,27,9478
5ntxnjclc8six,56,9534
8six58five,85,9619
6ninesixeightqjnjfbbtlmcqvthree,63,9682
hgjh9vhtdtcgkzpltnpxfqhsix7kq,97,9779
64sevenc9,69,9848
96z62ninenine,99,9947
sevenseven38,78,10025
ckk9zdnkjvskct,99,10124
8flk7,87,10211
8eighthqntfrh,88,10299
8cthrxbjlxbnqvqc496htsltqpqktqnz,86,10385
31threetwo5,35,10420
twofour5,25,10445
rlggcjdthj3nine,39,10484
18five4,14,10498
sevenhgncfjnseven1twoseven,77,10575
kshqgsm3pcd518,38,10613
8qrpbpbbmzmbctsmvtddoneninefivetwofttd,82,10695
fivetwoqvtscrs133two5seven,57,10752
6ninedcsrftdtwofivexzmpxdccnine3,63,10815
threeseven73,33,10848
pppkjkgt3,33,10881
seven2six1ctmmjvdgj8h9,79,10960
xkpk3fivemgmrfph,35,10995
pppgfivesixnineqxs6onebgsplgfhqp,51,11046
cvjq15threesqqtpczr,13,11059
three95,35,11094
twoldjbdxnqncntpphxshbthree767kfqbsqhlkg,27,11121
9lfhbgmcqnhhlvvpvdtwo37,97,11218
v7gj,77,11295
23fvgbbdjgst8,28,11323
six3frmpq,63,11386
zrggqtwo6sqr8,28,11414
fiverdrxxtjlhzn97fxsqpxf,57,11471
sevenlpb2sj3one312,72,11543
four6six9fourjbsix7fnr,47,11590
lpbgnkhkkbninec8three,93,11683
spvkzsthfour2,42,11725
ljbrlhtkxfkskvdbgxqmmjn3nineqmqtffkfive9,39,11764
h1jmxtlfivenine1djqrsnpqccvzmdhsmxnqrjlgdlnj,11,11775
8threeseven,87,11862
1onefive6one71five,15,11877
qbjqnfsevenmls8gdnr66,76,11953
jgpzsix76pxldgpcvdcpzn,66,12019
8nkdjhgrn,88,12107
threeeighteight79,39,12146
9ninelzzrjqpkseven,97,12243
75six,76,12319
threebpfsn3three,33,12352
4twonel,42,12394
pjvmb14tzbz2tpfourfourseven,17,12411
zslfour1pkklkrsixncvjtkn,46,12457
honeight3,13,12470
six7stfffkjg,67,12537
42fourktbdmzstcgmdtcgbhffthree,43,12580
two27,27,12607
ghvrgzj6six1,61,12668
vxjqk3xhlr3,33,12701
threetgzkjslbdrdxgfzsd3lcheight8ninebxhzf,39,12740
sixfive7one,61,12801
f5,55,12856
qq6lkvlmrnseven9three,63,12919
8fournine64rzdnnhgdsixseven,87,13006
4vttbdfivesgdnjsvsxt6,46,13052
765,75,13127
6czbdlfcfkvplmcb,66,13193
7one52,72,13265
eight6neightone,81,13346
six5lttjtcbxmxnz,65,13411
threetwo692eight,38,13449
dhcztvmmlllg8four,84,13533
btdjgnh9vjvlqfkznqr635hhcr,95,13628
2jvbxcfournine,29,13657
4sixonemp299sevenfour,44,13701
1sixmdqkzqtgzeight7nine9,19,13720
4nnhfkrlmfpseven,47,13767
blhvfourtwo5vrlqtqrlpxgd,45,13812
kptg4eightvglvjdczfive,45,13857
5599msgkplgqfnzseveneight6,56,13913
3tnfvgftsnbzksnrhtrtlbfxcfqfjgnndlmfvkqvhcmgdtwo,32,13945
txvjfglxtbfive3zpx19,59,14004
six9four5,65,14069
5fourseven,57,14126
fsevenmnfskhckvfszs73rnjqjhsseven,77,14203
95knstccbfivepgpt,95,14298
kmtjfxtztqnrngxxgcgh1kdxpdjzspz,11,14309
two2rtcmvpbzsmfourchpqthree99,29,14338
fzteighteightlvnoneslhjmcrqrg8pzvszdxzbp,88,14426
one49szrxcjvtt3eighteight,18,14444
8nqbmcsthreeninexf7,87,14531
fvvzvpmsgrrnhjksf8l4,84,14615
7msxhtdk,77,14692
jgtwonetwosixthreervlmxlnine869lbqzxpqqn,29,14721
nvdn6bdg9ninesix,66,14787
82rxtf,82,14869
9tdqsdppseven7one,91,14960
tlbbxvtwo8one671bhghlhdpfh,21,14981
3onethhhlmgfhseven,37,15018
n2six,26,15044
53eight,58,15102
one5five85,15,15117
three5375nine55,35,15152
fhvxvtjcnn3stcjhsdjtc1hhmk,31,15183
six1jmgzrklbxrmzshpfgnv94hzfd,64,15247
737six,76,15323
25nine,29,15352
fivevnpmlzvvp118lbv8xzplfttx8,58,15410
ninethreesevensevensix4three2,92,15502
xkgtqqlcdr51bgtx,51,15553
sixpddqmbb5onehbmjfbpqx3threechgvdkghhjhnxl,63,15616
7eight9sdcq1,71,15687
9ninejbcxzp,99,15786
3two2sixone,31,15817
seven8fiveonecrcqrglql141,71,15888
4nine3cllndctlninecrdxsevenbhbqsgtjnchkmknpdht,47,15935
sevenzfbnvgfive3threesix,76,16011
tvvjkskxgvfourxhccmmpxqx8mtxmfxmrcnine,49,16060
ptnnhktxxn2qrjvmddszgcftlpdfvxcpkm,22,16082
mboneight8lbjvvfzrl8qgqf,18,16100
7twomjfhzl,72,16172
sevendrdvmx2ninethree7seven2,72,16244
zoneight6eightnldnvhqpbd5,15,16259
29c,29,16288
kzfkvqqs2ninesmlcrg573five,25,16313
vxcgdz24ljhrhgsix6,26,16339
one3nine53xtr7seven,17,16356
djdeightwoeightc2six6nine,89,16445
eight2727seventhreeone,81,16526
3gdtc7llsdlftdrx,37,16563
581vjcbpmrzlp157jjcmlrzhr,57,16620
7eightsix8fourgg69,79,16699
zsh38twocvklone,31,16730
three6np,36,16766
9tvxqtbpf77one7149,99,16865
7three3gqfpfqmhsfxqbqbnv,73,16938
8rhflhmhtbm,88,17026
217onethreelgfmpdscnine98,28,17054
three3stnst6xqqxvxzkfssevenbzktd7,37,17091
46ttbnzlfnsjbc,46,17137
bsqxtvhgthree58four8seventhree,33,17170
ccntwonedsjvftmftwoeightfourbxxt5eighteight3,23,17193
threeninembphrpfourone13hnjvn,33,17226
bkm2onez6xxdjvnxvxjrtwoeight,28,17254
jztoneight8gsmnjcfvk,18,17272
six3fourninetwo62,62,17334
99dndgmkcctwoneftn,92,17426
eight7pkzcxqhzfiveppvnineksjfhhqgm4,84,17510
2ngrttwozgdsrdsfq5ftgsq,25,17535
fourdnmxjn5997eightkxkkpseven,47,17582
rxnrnqvm98zjxxmkflone,91,17673
three1dkmtwoone,31,17704
6tttkrtnhgfzx8five4shlcvhr,64,17768
nffggbxmhkpcppm8kjhktmdvlkkmrffdng254,84,17852
mbjm445,45,17897
6nfqxlhklrmfour7,67,17964
twosixsqtsfcleight8onefdsjxvbgt,21,17985
9bkkrznine,99,18084
fivedzpnp1,51,18135
cctxzzjbhgttmszdph1sixqseven2,12,18147
1qnfxpzfg2feight,18,18165
5gdj3shgqvjdsix23gqp,53,18218
xdgxsrshddmzmhkhznsdthree4one,31,18249
gmtsixsixninexxsxone7three2,62,18311
1rttbtsccr,11,18322
threeseven1fdzqvmbnsfive6,36,18358
nxqxvhsix41385none,61,18419
sxgmkrzmbvn4sixfive5five6six,46,18465
three6threepdjsseven3kgxtwo,32,18497
8grzmhsmkthree,83,18580
seven1htzbglcdfbcg,71,18651
5nsjsnrscz1zhrvjmtg5onefive6,56,18707
two4one,21,18728
dzl41four3threehbbqnkhn,43,18771
onebsm86,16,18787
xh2,22,18809
eightqmdbfiveqv21sevenseven,87,18896
5onefour3twolrtmmonetwo,52,18948
32seven,37,18985
vpcncrhjxgcs3sevenninenine5two,32,19017
mponeight9glbvgrff,19,19036
zgzzzpfffneighttdcplkbfr57,87,19123
7nineninemfneight,78,19201
3ddrsxrmbzsmxkdfive8,38,19239
pnxtxmfrpmtwo3,23,19262
onerktgpv55,15,19277
79twosixhnnrqklz98,78,19355
5915vnrpsj,55,19410
rfg7szlxneight,78,19488
ninejhnzpnhkrlqceightfive5,95,19583
tzcgzzx6two3qfk5dffgnp,65,19648
ceightwothreerqnfl5fourdfbrthreedntdchgnine,89,19737
sixnfmdk3sixthreekgvmrzseven1,61,19798
mcdbsqnrzconetwo1dthreeeightjfjdblk,18,19816
48threejtdnq,43,19859
threerxnrgzd9,39,19898
vmzgfplpveightfnctwo4pptlb,84,19982
ninesixqtbqgjvqv1three8,98,20080
cfnlshzvczgvm1onefive,15,20095
gsskzxkgrbzx5pggzmsfhtwotrsvmttzdc8three1,51,20146
3sevenfrc7vzg,37,20183
dcmxmg7d2jlbtfhkr8,78,20261
62nzzeight9txrzlm,69,20330
9pjllhmfgkvssixsixthreeqmzthree,93,20423
ctjksjbbdn28,28,20451
39fivefive5cnqjtr9vpvsix,36,20487
jlbjfouronent7mlpqpcvqcmhfhvqjqcmtwo,42,20529
2kpvxg6nine,29,20558
seven4mlsbhzcmjfthree8,78,20636
1khfjhp3fourrh,14,20650
ninesixpfrjvfm8kkjsrhttxsslhtwoeightwovvg,98,20748
four2nine,49,20797
fourlgcbfptfz45nineeight5eightkqtbt,48,20845
5sixxqggppnl7,57,20902
51zvfive1v,51,20953
fiveoneqqk5seven7four3five,55,21008
kqlkrntrcfrhtwo9scczeight8dbqmfhstnzq,28,21036
ghdjlnzmskmvjeightnzmpbjgone61,81,21117
three8jrhhmfnfive3four48eight,38,21155
nine87ninekfzh8,98,21253
329nine,39,21292
jgtwo3xvlkbvhrss27vltrghkljq1rkzkls,21,21313
vrcfourtwoqlgcrxf274,44,21357
sxzkxpvnhsixsevensixtgptbrpnfthhnj15,65,21422
5rqqntzlq1one,51,21473
1pnine762fhone,11,21484
ttghtthree5eightbqm4two8,38,21522
2pmtldtwo6onedtsklbcbjhone,21,21543
fourseventhtdcsmc5,45,21588
xqp75five99g4,74,21662
mrjpmm4crgk212seven3,43,21705
qjpdjb1,11,21716
two44sevenqtcdhxjp35xxx,25,21741
sevenvtd7ttvmsninergrgdxbdqcthree,73,21814
pgkqpltdzcthreemzrsrqjfourcrghhsfsjcqtmvxq4,34,21848
threeonexfrdvr1nblctsevendqmmzdr2,32,21880
8three2six8,88,21968
59twozjfour2,52,22020
qgtjgmrvfcffour29four5six2,42,22062
zzhnine3nineknzkvmbxvm54fivelrrgc,95,22157
fonesix3three,13,22170
seven6fivetlhhonetdzrkhjzqzseven,77,22247
1ldxvjseven9eight5,15,22262
seven2bcbktzsjpp,72,22334
2kxqxflk55two7cflfdfvsx5six,26,22360
5lvhclqxtf,55,22415
one768two,12,22427
vfh8,88,22515
nineseven3xpc2jkvmgkqc6two,92,22607
vvcvzfb947twortlnl96,96,22703
seven58nine4nine8tbtjqfpgp,78,22781
7onefive4lbhslhdpsbtwo3vm,73,22854
foursixsix3971fiveeight,48,22902
nrqxrffqbp15,15,22917
mklsgg3oneseven6eight4bnbfxf,34,22951
9five5klpzgrccnxvd96three,93,23044
sgbqgrlqreight8,88,23132
jlvrfrskmlrdtdpr4foureight1xccgtcf,41,23173
five5threek4hsmqjq,54,23227
five6pxqlplmtvcvjgtbk,56,23283
3sevenninefourone,31,23314
nbrthreeone9gxeightlrkfvgtzhtwoqvnfb,32,23346
teightwo972hrdrlgn5mpbjrxprpkjxgdkghgrgbthree,83,23429
7nzgktdsvkjlqdlonergplcdqvv,71,23500
kzxttx3fivesevenjdlqz9eight,38,23538
9slfgkbdmq24nh595two,92,23630
tkbnjhjrfivekqqxsjleight1,51,23681
seven23kh2tggrone,71,23752
12four1xcvkxbcv1four5zs,15,23767
j7ml,77,23844
8eightone58dnxhddzstmfleight,88,23932
mtd37fiveeight3fxcbcd7,37,23969
2fiveeight,28,23997
zkmvsnsgnine321mtbzzg,91,24088
4tgzhmf9,49,24137
threexjqtqzgzj4kvdtbpjv,34,24171
twohmnpsqbdcrbl35three4seven,27,24198
2twolpmdnxmcps8fourttfrhzzx,24,24222
onegqsqrhx2twoeightcxmnxvzsfivethree,13,24235
2eightseven92sixcjmkzjsl,26,24261
9gncpkg,99,24360
six51eightfourkmqbrrkkrjzmhgsevenfour,64,24424
9bhxxzseventhreesglvvpjmc83eight9eightwomd,98,24522
164cndtzcrdrxfzgnvqkvd1threefive,15,24537
43sjlrhsrthqtwoqrxkqsixsix,46,24583
twohfbqjxmc3four161three,23,24606
4ngvsmdvm,44,24650
xmhkgqdnfbdxcxm9,99,24749
lqgxmshjzgggj9jsqnv96one,91,24840
vt2znbmqonesix1gjppfmsevenone,21,24861
nvdjzzlspjthree8eight,38,24899
qzvtwone1one3fivek,25,24924
eightlfztsninepxfstsxtthreefourthree7,87,25011
k6,66,25077
zmeight2,82,25159
3cblxxxthreethree232,32,25191
two6sixcsgnzqbttjdzqs39oneightdr,21,25212
bnjzfkmfh8ndfssix2pff8nctdvdqk,88,25300
spxskgfmtgghlmklqzz6tdgxnbnnxfmgnfiveseven,67,25367
cqrlmd62gsh,62,25429
6rmrzkv4,64,25493
nineone6dbtzrtsp8sixzrhjhkrhvsxktbdkjcrone,91,25584
5pvhbxqdvvqhlthreejqvs2,52,25636
lmeightwothreesjrsqgsv9,89,25725
seven8two92eight,78,25803
five9sixeightonevzqtzq8tcgpbgthzvlcld,58,25861
51ptkkdnzhgp,51,25912
7jkrtwofourfour,74,25986
xpzvfcdv1jvbd5mgvchdbnd9chlvqkc5,15,26001
27threectsxpfd12eight,28,26029
prqbfh3foursevencgmhkmkd12,32,26061
one5seven8threegqcznrrxfheightfvkjkssbch6,16,26077
1vgsixeight3sztxzjkgldmqqbrm3,13,26090
jjcpponejtxkmnmggtfive3,13,26103
sixlsqgmqkjjzrpqj3dgsrpdzj3mjkdqhpq,63,26166
slxstvfive7nfst,57,26223
6fiventqxzhxkfivekcdbhrkx,65,26288
sevenjqmfmbjfoursixcx7threexspc,73,26361
kgqjjxfkmhqtf22htnvmpgxsztbb5,25,26386
nineqzgzsscrrfngnzksfour1,91,26477
9threerq4rhnbmhhsoneseven9,99,26576
6eighteightmjbthree5eight,68,26644
threexhzqqs2kjdqvjr4,34,26678
z3ktworvbgbqzbpt,32,26710
2onefive6,26,26736
c69492,62,26798
eightsixnine8tpjcxmpln,88,26886
mxxfpjsplj3msxqdnnbcbbqxfzs5ninecmjpzq7,37,26923
cnineninesixfive3seventwo,92,27015
six18eight3eightfourthreeone,61,27076
6zdtsqkplv41jmrk7qkgjpkqgmmqsttvrhkzone,61,27137
7threenvbjsvbshmd4sxffiveqvvctwo,72,27209
two2two7lpmsjl4,24,27233
sixceighteight71psffhzjdjrm,61,27294
seventhree2eight,78,27372
qpmpfdlr7,77,27449
dxtzmkcrsix5,65,27514
65oneptbzdxcsqseven72five,65,27579
7bdmgtzdmtwotwoseven8one,71,27650
14sixckthree1n2,12,27662
twotwo5hpqhmnnjbsix35,25,27687
one5twothreeeightglqdbjlgkseven,17,27704
one4twokzbdzv,12,27716
8mcv71six58kkxdqx,88,27804
bgbvdrfsixfqqvnlptzrqkhgmt8,68,27872
37oneightrmm,31,27903
3onefbtvqchjthreebhxpvlqcdqh,33,27936
gjcninercqpvvzdfkcdcfv2,92,28028
13fourbgntvtnxmr,14,28042
8447zdxvzfkft,87,28129
1foursix,16,28145
threefivetwoseven4eighttsxflbcqtnfourthree,33,28178
tseven1twolzjkfdttfklsdzrrflnfxfgvlq63,73,28251
four9fone9twobhppd,42,28293
nzcvxgjqrsfqgkktggdlnine5,95,28388
57thz,57,28445
3threeseven25,35,28480
zsbc6fivecqvlhtwolqone,61,28541
nnsoneightdnine6rhckhj23fjj4,14,28555
cj1rbxlggxxgtxxbmtgfg6two,12,28567
vhkgpz4,44,28611
nrmskeightone9six2clhcjkcl9jk,89,28700
onejvdcrf96hbv,16,28716
seven8three55,75,28791
1sixtwo79,19,28810
jcqknvjppbxsphlxrrcbzmkqnine29,99,28909
2fourvgzhnq,24,28933
2six93rdrkfjkqlllx6nine,29,28962
77onevkvqhvptbn,71,29033
32szxlxdc5zlrtjdqpt5,35,29068
nine75hzkzvdseventhreelxt1six,96,29164
vdbgshtjm8grgllht4qhpkhdfour,84,29248
mrvdgqvseight3jtzfdspdtrkf,83,29331
kcg2twoonelcpxlg,21,29352
2xlcjcxzczt,22,29374
1pszcvn12sxmcbdxznpeightxvdjjbgrjlpdv,18,29392
fourbsbkvnineonesixthree8,48,29440
945five5one,91,29531
nine71gzq79,99,29630
3threeeighteightldqcgtbd,38,29668
two671four2r,22,29690
bbfpvdsvffour5two,42,29732
767l97hm,77,29809
twofour5,25,29834
xxrs931ckbg34g,94,29928
qhnht4,44,29972
nine723nine9,99,30071
93preight5f6seven,97,30168
one8qncpgpl,18,30186
fiveeightsix8jr2,52,30238
twocdv9lrtsbcdtvz62pkzm,22,30260
dmhfljxqxeightxmbprh2,82,30342
rr5,55,30397
5twotwo,52,30449
three8two5,35,30484
4rjqmbdtxv42twoeightseven5,45,30529
fourb349six,46,30575
f31nineninetxtdtfivehc7,37,30612
1one3,13,30625
2eightxztclpbvkp,28,30653
bkxvnhhn6nine211,61,30714
1twoseven3xmzg,13,30727
lnzpnine54eightwoqpr,98,30825
gnhdcgdmvthree9nine,39,30864
vlxjmdc1fivesix,16,30880
nineonefour69,99,30979
ktdkztzmmcgxslggh7dhptrkgfbqnine3two4,74,31053
qfczhgjnt6,66,31119
3fourrzmt,34,31153
onethree2four3nztsmbqmtldgonenlc,11,31164
29six9xlffbvfntz85,25,31189
five6trqbjkhjfmrlgpcxseven,57,31246
threegz9chglg6,36,31282
9tq,99,31381
1onefive8two84ngrh,14,31395
hrqhreightfive1lp,81,31476
onethree4,14,31490
two8psmqcbsixsix,26,31516
sixseven3xxczmccll,63,31579
fourmmlcgbkhktbmrp5three,43,31622
27sztxgmqdvnfivelfcpzjsx7one,21,31643
hdbhrqhhffbgjxvdpqk6sevenbn,67,31710
93ninezmtrgjqbsp74,94,31804
gsljpvzxkq9,99,31903
zbjzzrnkbeightseven1four,84,31987
fourfivetwothree2rh5,45,32032
155cqrh1,11,32043
1tjdeight,18,32061
dvnlk78cbvdrccmmx3seven,77,32138
8seveneightsix,86,32224
ffjlhcgxp97plmttszkvj7jvtsgsevenznl,97,32321
121four,14,32335
threetkqnxtwobvbmzj4ppkdxqtblszmxqhqbv,34,32369
5sevenxgcgqnlpkpnfmcnkbfbeighttwosevenhpht,57,32426
gkgnfiveninelr5eight,58,32484
six4nine73szmldmdd,63,32547
9jfgcslbrcz,99,32646
jrgrnmntmtwonptz8eightninesix6,26,32672
238eight1xtjdgb,21,32693
2one66fourndjcxmmbhfcq1,21,32714
5bmfntsevensix,56,32770
5832663v,53,32823
7sixdzmhfrjonebdqlqh8threeonenine,79,32902
92six,96,32998
vqpg91hspvdgtwol,92,33090
fivembzffnlcktwo18four7,57,33147
six99nbzrgd8,68,33215
onexqflrlvdmrsix9nbl1szkf,11,33226
vqmlzjc1d3,13,33239
three7two4vbgzthree,33,33272
twoninejbbxhdfnbqjddj26one2,22,33294
5nine296ninefourone,51,33345
onevznthreedbtjtgxhh36sevenfour,14,33359
zfkffkjsz7btqgtm1lqvsix74frjhrkbjj,74,33433
sltlgnine6fiveninegglpc8ninenine,99,33532
two7three,23,33555
fourbrmdvfbtnnnhr1mnhbztwo98,48,33603
nine6slnine,99,33702
cqkfp35hzrdlcpcsjhssdlnjv,35,33737
six42seven32five,65,33802
zkhjblqjlsfive9kbxzhjmnzrxbrrj6sevenjdvljbh,57,33859
9ldrjmjpqeight4pnmcfvg3b,93,33952
lone8,18,33970
two1sixfourgskrlfkxxdhbjspmhg,24,33994
4hgceight2one52jmbmjkjb,42,34036
six8zfbjxfckfivesixzrpn3,63,34099
vbrbvv6,66,34165
jfjkvxcrbjhztvtmjbp15two6one,11,34176
3xvhtzgqpn4td,34,34210
xthree44,34,34244
68973one7rmx5,65,34309
ptbndknk26two8cv7seven,27,34336
57417four,54,34390
ngeightwopgdtlxjgs3threefivefivesk92zgcmch,82,34472
pmfjgxpg6ninefoursix,66,34538
5hlgzgrxhxxqt8,58,34596
1nine3,13,34609
gvdhxthjxnxv7dtzninenine4,74,34683
jrtwonehzddmgcjsn6rzldcsfpqs8eight6six,26,34709
5fourfive,55,34764
jn6,66,34830
two2four,24,34854
567ninefive5fivefourdrbh,54,34908
36sevensixkbphcrstnine,39,34947
76svmjhhkrt73,73,35020
thgzhsclsptfqfzpsnine4cxxpv,94,35114
two1one8fninefdctxpmtk7,27,35141
seventpxmbxcl9,79,35220
cghxxdnnf7vmvqdfhhxznine6dgt,76,35296
soneightsix7,17,35313
7ft3threeqdhxjmkgd6vgfmb,76,35389
1threesix5lzjzrm,15,35404
fiveonedknfvkphltcxnsvxpvxlxldxrqftcmqvvqx6,56,35460
sone1tnmqklzvbbctjvntddpm3,13,35473
nine9vb,99,35572
eight52threeqnhhvn,83,35655
87fhkjhseight485,85,35740
1onesixzczvlsmhbfour7,17,35757
3ztseven,37,35794
7tjjbq2three,73,35867
sevenv1eight9cpvmrn8oneightnxs,71,35938
1threehlhxjj2eight,18,35956
six87twofour3646,66,36022
eightzlmj2zreightbflxtmdbv,88,36110
one2eightznone,11,36121
seven2eightvlxkqnpjb7dlqrmnhtfive1seven,77,36198
43eight3,43,36241
fivesixfiveeightsxrvgmpshvone7,57,36298
7dpmrqeightone1rdfdrx,71,36369
dtmtpgjll136dbcjlrhzrdnm7svlrdrcngpnine,19,36388
5dl9,59,36447
94ctwo4four,94,36541
7ninegnssldmnmqc,79,36620
nine1sevenzdvkpxxsfccmb,97,36717
none5five1rsrsxpxnlt1lxtf,11,36728
sixpl9nhgm,69,36797
51brpphslhjtwo2stjrkphcgrfive,55,36852
fivetdhlrcbtwozdsfgcdnhv67fivesdjlqnine,59,36911
4fourfour7sevenfourfivenjdxvf,45,36956
674one46,66,37022
6ninentdksjfkdvhkkxzrgftnbjmfsjgzd,69,37091
4ninerpvfmfonetcnhk,41,37132
1ksbmzccfreight5,15,37147
3vqr,33,37180
ninegqbgveight7hggnxxgrq3,93,37273
sixfourfourseven1rfivekcflqd4,64,37337
mzvqrlp1sixnine,19,37356
sevennine3gqjmqrq,73,37429
6vhp8one251eight,68,37497
5dnsxqrb3twokdzdbdcncm,52,37549
srcmzlkrone9ninegbfnfmxjf,19,37568
82lmhlhmtgfour6nbljxrgjb3ninesixtwoneqhc,82,37650
6pctdhrmhrgsbm,66,37716
sevenhgpfqvkh5three51jdkqz84,74,37790
hfzlmldpn9tjtlpb,99,37889
phccmtthonesix6,16,37905
3fourbrzqzsbnthone,31,37936
11pssjfqkfivebmprltbvm4,14,37950
gmtc2five,25,37975
one2lj4fivetwo,12,37987
ninexjrzfonehvntsmnzx2,92,38079
fourg746jpxvrbzdmseven,47,38126
six76436,66,38192
89gddfltmdkkmleightqbzppmklxzgpnlg,88,38280
sevenmtfmdrbcl9,79,38359
3cpgvjgzxsixnine5hvrxbdnclfgbvfsix5twonelv,32,38391
eightklzkzxltzone5,85,38476
377bqrbsdk1eightthree6,36,38512
2sevenlfqhmfour,24,38536
21oneonevg9rr,29,38565
onenzjgjxlmtrgbt84onenlls,11,38576
7rlgkgrsixfive,75,38651
nmmpl6fc7ccg8lkvpvqplztwo,62,38713
mzbxkmfcd89six,86,38799
fbhzskjt4seven3jrvfjhqsbcone3,43,38842
five3sevensix,56,38898
eightsix6,86,38984
n9,99,39083
threeninemzpjqpcpvnine424ninesix,36,39119
8ninesfour7,87,39206
twopbsbvdpnine6fourfive7qbbckmhxgg2,22,39228
5ksvzfbdbgvnqonehsgtvgkbgjkzggsmpvkxpxtft,51,39279
qeightwo2three68nine39lr,89,39368
5gpz6283five,55,39423
19fourjctnldrqlghx,14,39437
gtwonetbqxnvxlz2three,23,39460
jdvmph5fgztldhtwoxhzk,52,39512
fourgmhflfpxmbqpt8jdxkntnchmtkgqhsgthree,43,39555
527five,55,39610
5sixfour,54,39664
mdchltjjqmfive7,57,39721
kn6glgjlspeightfivej,65,39786
3vsblvhkmt7,37,39823
17rmnoneqqgqmcvlseventwotwofive,15,39838
eightjbmnzngtxsix3two,82,39920
fourgdczfkvs3onekrcm,41,39961
2prvszkhlnine,29,39990
nine67mqtxbthtfxgtwof,92,40082
lrcrninevgshzsrmj9threethree6,96,40178
bslrhlvpthree49fmlzb,39,40217
3nzqmndm7hxzrlsxgmt,37,40254
48jtjrmzvtct,48,40302
pzpthxqxs9pjkhxc6gk5,95,40397
eightbdvrcsg2tgjkzzj,82,40479
2oneeightonemlgpgtdg,21,40500
8sevenrxksglxdfour3lhst,83,40583
four88sevennine1,41,40624
fiveqszbfmdv8xfiveeight,58,40682
sqqbhtk3nine5mqzkzbzlxlhdtwo,32,40714
8eightone,81,40795
63njcjnbhptone75fqhg,65,40860
fourthreefivesix9pvfivehmbhmhtrplseven,47,40907
5fourbfnzxfivenine8four,54,40961
rzhqrxfhpf9seven69kcjhxv,99,41060
nlh3fourfourlbppcjdx37,37,41097
hntmdckqhonejmcfphrrthreesix3two6,16,41113
eight7sevenonefourfour,84,41197
nkhfgtknbjsixzrpppnqsone15threesixfive,65,41262
nine5xlvfqmfourfive3,93,41355
sscctsdfourkppsrd6eight4,44,41399
eight92,82,41481
1oneightfs,11,41492
2hmgrqgjznhh1xztfmthreev,23,41515
jvpzlqbsrb3,33,41548
pszdpm3,33,41581
kccl2,22,41603
dzxmqpgfive6338seven,57,41660
9nqfpv,99,41759
prphfourninesix5six,46,41805
57vbcbcvtbgtqmktjscjbzfkjgzzv7rspqlrdfsmbsvbmb,57,41862
qxqlzmeightfourhzvctqsxczg4qggztsnrzz,84,41946
79seven8rzgzhksz97tbrftfllmpone,71,42017
twovdspsvmftgnfjdqgjpv92qdqzcgr2,22,42039
6ninesevenninecxzmvlczjf1eight,68,42107
186,16,42123
fourtwo324five5eightv,48,42171
six95five1tnpsqkr4twocgnbrtr,62,42233
threesix2ksh,32,42265
dpbbkpxvd457sixbncfnkbleight3,43,42308
bxrbglhfcz2five,25,42333
8three3fivethreeqjg54nine,89,42422
nineonepvhrzcdm9lbqqgrdmggzkqzvhnbczrhhvjz,99,42521
3rgljppmcftqmqkqbl,33,42554
9threeqjrjrgseven,97,42651
4qtfn,44,42695
five7fourfourhbspnlmgsmxnxt5,55,42750
fffctbhcpklfndj23twotwo39,29,42779
62sevenxnxthreefive6two,62,42841
5772six9five,55,42896
seven599rpztwo,72,42968
onefiveonemsftxtqdcsix7jngtvr,17,42985
12fttpqzzlk,12,42997
zcndrqjsfourthreethree11seven,47,43044
nineone8,98,43142
tdlbrszns4pdlptfvcnxqhx,44,43186
5six2nine8hvktskx,58,43244
5xvcnbsix9vnclxm,59,43303
94ptv6mzgninesk96,96,43399
4lfvvczdgvh8rzgkmvnk,48,43447
74nsvkm5nztmctpmngppzkphltpx,75,43522
46two9four67nine,49,43571
oneonefive5fchd3nksmgs,13,43584
6vnstxdtlninezgdvpmjjcxlqvc,69,43653
6five3,63,43716
7four76rklqgljhdzzhdcqrqzpxmfftbcfiveoneightjzg,71,43787
43eight43955four,44,43831
gsrrtkpqpseven1fourbfninereight,78,43909
6rvdtwotwo4eighteight5,65,43974
foureight9,49,44023
468cgbctpkqninetsxskqbhmj,49,44072
7twonine4,74,44146
8jnssjzcgpzrvbqzmv5three3jmhfjcbtwo,82,44228
4qjrgrntbfzghfkzxvmj53pcrjrlls,43,44271
twonnjv8,28,44299
97three9zgkhgmrcfour,94,44393
9eight23,93,44486
qtsgznprvthreethree6,36,44522
63tworhdlrfstgxfmjjknfourqfvfjjz,64,44586
sevenltdcgs8three,73,44659
bjctzmmbhrqlfzqgxbcdgdgprv9twogjmrdclzt,92,44751
63lslhrbmcznine6,66,44817
66gc8seventwo,62,44879
zdrpnjjtwo62ph6,26,44905
ninerdxqgxtqrrgx3gz3three5lfc,95,45000
lflcrscclg35oneeightpmhhm1bkftvxqbmx1,31,45031
74rgb,74,45105
six8ninelvxdqphkd6,66,45171
5zsbfjsixseven1,51,45222
4rflxzvnn,44,45266
mjbpr4qjjhvbgn,44,45310
26four6drctrdmz,26,45336
6mrzflsszvq,66,45402
fcjbdqdnh1stglpmc6nmvggcvnrghcpcnz,16,45418
one2four48fourcgkvvnlzlb,14,45432
kc2461two,22,45454
fivethree54dbvxmf,54,45508
849psvj9six,86,45594
hnxg5rbhbqzzeight4,54,45648
zzsix45glphncrrq5two4nqrdsk,64,45712
seventhree5qpfour7nnbllpkgveight,78,45790
bsh78mzxzhhseven8,78,45868
jllhfive7sevenninebcmninet,59,45927
nineseven4pdkfpdzqpbzgt,94,46021
sevenninetbthree5skjmeightfpjrq,78,46099
nxkv6,66,46165
four59,49,46214
zrhcvb6qlctpeightbnphxmlk1cjzdbl,61,46275
8mtgqjthreenine32,82,46357
6slj8zqbpqmr5,65,46422
rqkvxmqtkn8oneckdxtqvxcthreehngfdqqsseven,87,46509
nine4nfqpgdpvx9fivethreefourfnhfjmfzqr,94,46603
3gdxbh2gbm6,36,46639
72qmrrqbsflqpspdp9ff8two,72,46711
xgbphtnjfrg5fourdfmsmqhfp597,57,46768
bkkpgrhj8hlbsqmjdjqxjtjkrgppjgszpmm,88,46856
five71,51,46907
9rmmf1hqqsmdrrfour,94,47001
7ninelflmvj6seventhree,73,47074
172,12,47086
tfhqv1,11,47097
jfbtwoneninenine6dgxnqjgsteighttwo,22,47119
4dnvfvx,44,47163
37sj6three48nfjtclz,38,47201
2two4fsbbmrtnlqljqdskqseven,27,47228
1pnpzdr3sevenfive,15,47243
fourrbktzvtslxjdz9,49,47292
47six,46,47338
jgcrllvbsvnrnmqfppxjfournbmjgp36nineb3,43,47381
s6fgr4four4,64,47445
cmpvp8three7,87,47532
xjqmgdrvtlv5xmcpnkhvfhrbjzx,55,47587
117eight,18,47605
9snnxnrccnonepdbfhhqcnpsevendsffjsvknpvmkdxp,97,47702
rgsix6rqzsix8nine,69,47771
nine8two,92,47863
2clfqtxkztwo4twobjscfzptgn,22,47885
6s5dnfkpxts5five,65,47950
five9cst,59,48009
eight71dmbdqfgtpvj3,83,48092
vdf3fjfsczlvvnine3foureightfivennhqmcdbdb,35,48127
two59eight9,29,48156
eightdkfmscfmzrk7ninespg9,89,48245
sixseven46seven,67,48312
493djtvlhsixnhnts1sss,41,48353
ninepczttwothreemtz3three,93,48446
fivezlfjhqnknnhdfour8eightninetwo,52,48498
4ngvsvfivemgthtlcczfbjq1ngxvsbmt9,49,48547
sixcgkmnd2,62,48609
12,12,48621
nkgbpqfvvb9threesixqgqvjgzdxm1rc,91,48712
five7seven,57,48769
2seven8151,21,48790
86eightfivethreebgbfvr4,84,48874
355,35,48909
hgldv8four2dzmtpdsmck4five,85,48994
ninemb7gtqzrpbt31fourndtsjkhv,94,49088
3fivefourghlmgfhninesbtcsqone32,32,49120
7krkptwo4qmzhvpsixthree,73,49193
74ppbsmnpfthreefivefive,75,49268
9four5zdkprcnbtl6,96,49364
four3seveneightbrmdbcxxrk,48,49412
twothreerdvxmqsbtgtszmxr4eight9jzbxpfstc,29,49441
73prc73six6three1,71,49512
9fivesix5fivepsg,95,49607
two98two98,28,49635
oneseventhreethree4qvjtzksdsz,14,49649
tnbsgjqdkl22,22,49671
rmlbp4seven45,45,49716
9dpzqbds2pffivefqrchvhpvjbtnl,95,49811
79hdzstwofoureight5bjs,75,49886
t2,22,49908
4pstpbdkxblnmv9nzfzsttfgfivefiverrtlmgj,45,49953
zkkhkggtthree3eightseven,37,49990
d11fourzfcnmzbxgbpf,14,50004
66six53klhrdnbtp85,65,50069
onenineonelsfhzbkjgsfivedhzlfcvh8,18,50087
jdt4four,44,50131
bgfzvxthreeonebhlqjbprf1,31,50162
sevenfourktsxkbbgt5,75,50237
mmqffp1,11,50248
vqghrsgxpsssix2jxzvdjdconeznlgpxbqdlsncrsix,66,50314
5bnzrdptseven8nine,59,50373
zqdklqmjjc2rl8jxtmsixxftvspzlhfive,25,50398
vmn9,99,50497
7mhhcftwofour21sixvvhlmspeight,78,50575
blvhpfour354sevendrllsfivexmt,45,50620
six5fivetxrvnvftfvgcddshzktwo83,63,50683
3mdcpcj,33,50716
zdtjmglv8rkgpfvninethreetfgmx6sksteight,88,50804
48five8mnstwoone7nv,47,50851
cbpvqbddlllczgfmninenine3zqvptoneightx,91,50942
1two2,12,50954
jxfhzr35threesixlxghqbqtq,36,50990
nftv7sevenninetwo2seventwonnkbvqnjjx,72,51062
eightgjeight6f4,84,51146
2fivessrktznhjvxmghnlhbmfseven2two,22,51168
onedhvdg82xdvgmhxzbqrpzlnfx4,14,51182
17nzhkkpchk9,19,51201
dzccfzphmz6sevensixeightmcvxsthree,63,51264
onettfmvfhgsix1two,12,51276
eightone37,87,51363
2onepdnbrbxk4foursevenzrmzmvqzgstppr,27,51390
five536seventhj96,56,51446
nlhqljfzmb4khqtjh,44,51490
j8l,88,51578
2kpmrhmhonefour,24,51602
2jblsixkbblgzbfprhbjnrtspcqs,26,51628
6twothree,63,51691
two19eight9,29,51720
fivexbrjpnhhlvdztthree9,59,51779
jzlmvxjn9oneoneone,91,51870
2cnqphtdjgdnhbkseven2fiveninefive,25,51895
threetwonine67tqpbdfhfbv,37,51932
smgr56slfpdmfive6ninehmqrck,59,51991
fqqnjqpccjqt6six75lpfczmnine,69,52060
bq2mdxchhmbxfzzkqgsixrbcpklpqnxsvnbthree,23,52083
eightthreefxxssg8cx,88,52171
lhlc6,66,52237
nine6onexmvlbtbxznmrztnv,91,52328
8fivedlxzgxxflbltteighttwochtxlfjx,82,52410
seveneightfour1three4gbcnnk,74,52484
8fivejtxbpvmpxoneninesixzdrjhtncbnkgpsxqs6,86,52570
1hxsxn84eight,18,52588
sevenseven71phgltmtxq4,74,52662
8fivepcqthree3dn,83,52745
f6bbrdqflknp,66,52811
fiverpjbb9rjbrfrlrnine,59,52870
zfqpjjktg5seveneightfiveltvvtxdfk,55,52925
flhnczsbx6,66,52991
tsqlvphjmfourrcqsjj7four9six2rnz,42,53033
fivedmznjqtwoqmone1,51,53084
eightfllck3spsfrgz92gmcgkgg,82,53166
tcrrrztsevensixqthpdqgxv91vvhbsqgzkq,71,53237
22pztfnhh554qdvzjxnnzzrj,24,53261
tscrkt4,44,53305
fzmsgmzbz5,55,53360
rxzsnjhcnkthree8eight,38,53398
9fourdhjpp2648,98,53496
4chvdrvtgqgbzhcxztwosixsixhnqknqmntzlltqncdxddnjlk,46,53542
xbfk2cr,22,53564
hrmbslbdgnine8nineeightseven8one3,93,53657
kmkdhbonesix79rbshvkkvjnzzq4,14,53671
9jrz26,96,53767
seven163nine,79,53846
83sixgvhjttnhkq9frphcqrng,89,53935
8five3seven,87,54022
three16xqdzlkqjjtf,36,54058
5fiveeightl8veight1pxfptklnhj,51,54109
npllktfive45nhvqjcjgpxx,55,54164
hbfr9mm,99,54263
onerbfkf4threeone,11,54274
7eightone,71,54345
eight2kmjlsix8one61,81,54426
rvrnrdrninenine3zq6jqsr,96,54522
lztlntnsevenpplkhkftq1,71,54593
tfrrjmcvtbmktnxtxkkrcctmc33four5gfqpcjreight,38,54631
33rgcjxfsfqsvxxbxcnrjfndrrfmrtk,33,54664
3627837xhhb8,38,54702
bmjhkkn4pgf,44,54746
qkrsvjclp23,23,54769
5fourzllbmcgkxsevengkrzkpvcmvgtxlrv6,56,54825
fivetczxxvjrrqfive1sevennvj6one3,53,54878
54878
