zlmlk1,11,11
vqjvxtc79mvdnktdsxcqc1sevenone,71,82
vsskdclbtmjmvrseven6,76,158
8jkfncbeight7seven8,88,246
six8dbfrsxp,68,314
2zpcbjdxcjfone68six,26,340
zqmzgfivethreefdnlhpeight8798,58,398
fivenineone6,56,454
6sixzvdsprdqlftwonine,69,523
lqztrmztwo8dg,28,551
four6onerv2pfhm,42,593
plvzrs5,55,648
5282gdnc918,58,706
pskjsrchjpxoneonenine96fivefour,14,720
fivefour2hhtprpjndm4,54,774
6qbdcfdjsd1lmldklflteight,68,842
gctgdhpkkjninekj65rkqg8,98,940
eight6gcjlsmzt5,85,1025
5chvmhmfgl7xkjfdpdbp,57,1082
5tpzpnrgpftrnine,59,1141
threeonehqbzktq1,31,1172
685fivetwofour4lvgxgdb,64,1236
9jdxljkfqttstqxdzdsztsxrfjbkqmmsqzseven,97,1333
twostcllbpndtwo15seven,27,1360
8fivetwofivetjfvsxzs5kdkpxgxvsfhr7,87,1447
sevenlvrc2fivefivesixqkzdkrfour,74,1521
45jjpmnscmmk,45,1566
lhxgbfjtcknpvz6,66,1632
tndgnkcqtjbrzgbrfjr3fiveqxlktntzthree,33,1665
vqb6threeeightbdt,68,1733
1eighteight7fourone8,18,1751
bcmqn9onecnrzhsrsgzggzhtskjeightbz6khfhccktwonenrj,91,1842
6qmgkbkmlxfourprhxrxrdseight,68,1910
9three479,99,2009
9two6zhtjzfmjrteight,98,2107
1fiverrxdmvfvxhs7jqzzqpcflzt75,15,2122
pnjmlpbbeightskgdf6one,81,2203
6cpzqzfsjtpfq135,65,2268
484,44,2312
llfvhxglfivesixthreenseven36,56,2368
jhcpt9rq7fhzbnhk,97,2465
tthree5lrgtbxxvonezfmdpseven2,32,2497
67jmrxfdmfbmzsixkzghng,66,2563
sixthreefdbzhslqone2sevenfoursevennlnpjgsx,67,2630
54zrkfbfq,54,2684
six7rfpfbzbghxcnxlnfjkznine7,67,2751
8dfoursm338cz,88,2839
sevenfiveeightone68,78,2917
dqmvcbdclx23653,23,2940
eight58qgjlcvflrggndskff,88,3028
shmmk28,28,3056
93eightdtgcnhphv1,91,3147
gdtdjgggtj3dgrqsmvfh,33,3180
one3pksbh32three,13,3193
9kkpjrmhmmlzvqngnhftwoonexjqmnfive,95,3288
rlsevenblrvrk7,77,3365
nine9hqmtshkjdhs,99,3464
93fdbrbnnvxsktggqnjfjk7brsncmxkcfzhm34,94,3558
248twofbkfpxtheightwovng,22,3580
28746threecbffiveseven,27,3607
eight449,89,3696
4eightnine4ptmzvpfqxhrzvrpjhfsdsvlhbht,44,3740
sevensevenfive6bjf,76,3816
sqthreevhmvbgxvnk2one,31,3847
ghpsix5seven31,61,3908
7llnsgdtzbxjbbqcmxfhgcdnptwothreeone,71,3979
eight3fouroneplsrfvqf,81,4060
4six6one,41,4101
27twofvlssjbsk8j,28,4129
njlllqnrvx8four,84,4213
5onekcngbbmpnxseven9fourzcprjp,54,4267
sevenfive2sevenknzpxtx,77,4344
8eightljhtmnxpjhxhnqtwo1rjddcbj,81,4425
mzsqh3sixfivethree,33,4458
deightwoeighteight5,85,4543
nine42sevenscnjeight97,97,4640
2gcrkrfourfivenpzssevenseven4,24,4664
eightdtwosevenmj3two,82,4746
9zkhqlcd3,93,4839
ctpncdkcmonehfive9,19,4858
sixrtwo7rqnine689,69,4927
sevenm16gshq4xqdxqbhcl,74,5001
zxxnrpstkkmnhcc6,66,5067
three1sixninelsxrbkpneight,38,5105
jzkfvrtmctjz5,55,5160
sdsfrh4nine,49,5209
foureightfive7six,46,5255
ninesixfivefive53seven,97,5352
42threezpvxnrg5sfzctbtk,45,5397
seven7pkfnqggvjthreextfksczdd,73,5470
xsb6ntlfzxvlxrkx1sevenkmnqxhcdnqkdzt,67,5537
6sbzfqfdm,66,5603
lrfjxppqbdseven94ntnskpkdqeightsix5xskh,75,5678
98czzcq,98,5776
696cmcdpztwojk6tz,66,5842
jbpfbqfdd64four2onezrfm,61,5903
9jfklkpcffive5phpzqvhrtcqvmxvmgljn8,98,6001
329sixjglqzqzjnlsqbnqnzsb56,36,6037
59three,53,6090
4863five,45,6135
6txkcgtn7gtsxgtnine,69,6204
lxdtnjvjbgxpnrft8eight2cjqfdtrk6dm,86,6290
twothree53,23,6313
two1qf4,24,6337
6ltxhxcdfive,65,6402
rlrdkzgnk6mnsbxfkhh,66,6468
41z4nzcqzjqrnmsixtrrbgtwo,42,6510
tbnsixsixtwomptdjtzkxfhlflpcdnbmrbctjscxq6qtmjmkpfk,66,6576
1vqlkjtmjeightcjzxnzscczqmxcpvnprhtwo,12,6588
lznhcphkdmrhpninesix344,94,6682
fggprsvtgmbbtlk14xkrnbcjrdbrsbdltfztmtwo,12,6694
6rqlzs34cdlzmxone,61,6755
two7zpbgsxl,27,6782
lckblpljvv5two75fivegttgmvcpmlhltxz,55,6837
bjfbxdpvnj581three,53,6890
1seven4,14,6904
8ninezhzrgg6crlpggmtfour41lhjcqtblh,81,6985
seveneight8sevenoneshvkcdhgfmxhn7dzccsdfkcx,77,7062
7zljpgl2,72,7134
six1two,62,7196
fourztcnpn8bsbzfhdhgkjjsthree,43,7239
onepthfrh9vcs9sevenhljhmprhlsjrr,17,7256
vlnpmqlpjfour5,45,7301
two3qfourlqsninethreefour,24,7325
hshdseven7,77,7402
eightfive4five6four4flrzhrxzlreight,88,7490
five187,57,7547
seven2xlbqkhtflqtsfhrf1vvnbt,71,7618
onefiveninethree26,16,7634
2sck1n9eight6,26,7660
6sixsix7two9xznczchmx,69,7729
27eight,28,7757
7six3,73,7830
ztlbbncthreeseven54three,33,7863
eight8r6mcrcgrz51,81,7944
eightnines6nine75,85,8029
nhx83fivetwofivefourrvxqhnpeightwoj,82,8111
857sixzrnine6dlprzx,86,8197
lteightwo2132seven7oneone,81,8278
1516ldxxftfnineseven5,15,8293
6fourfivej3,63,8356
sjmjp99,99,8455
bprsznhxztpp51,51,8506
cmfivetwo1four,54,8560
6mgcffzzspll15djsoneseven,67,8627
9qjcvfourqdtmhlqzfxfg6,96,8723
six45fivetwo3zkpxmxsgxtmg4,64,8787
three12four72kvztxqdmfxhrxsp,32,8819
threeninebnzthreedfqvm93kqmxpsnmb,33,8852
8nzfbcmghfive92,82,8934
914six,96,9030
sevenfive6,76,9106
3bxxccqzdjsfive78lhtpbl,38,9144
5zdvjxsfvcptngh5,55,9199
vboneight4six17,17,9216
seven8eight9krfhll3lnine,79,9295
stv4eightonesixcfveight,48,9343
rnmjpszvx94fivefzsphkkftgxpsfhvthsbv,95,9438
zmntmkcbgrtwonspdq7,27,9465
5ntxnjclc8six,56,9521
8six58five,85,9606
6ninesixeightqjnjfbbtlmcqvthree,63,9669
hgjh9vhtdtcgkzpltnpxfqhsix7kq,97,9766
64sevenc9,69,9835
96z62ninenine,99,9934
sevenseven38,78,10012
ckk9zdnkjvskct,99,10111
8flk7,87,10198
8eighthqntfrh,88,10286
8cthrxbjlxbnqvqc496htsltqpqktqnz,86,10372
31threetwo5,35,10407
twofour5,25,10432
rlggcjdthj3nine,39,10471
18five4,14,10485
sevenhgncfjnseven1twoseven,77,10562
kshqgsm3pcd518,38,10600
8qrpbpbbmzmbctsmvtddoneninefivetwofttd,82,10682
fivetwoqvtscrs133two5seven,57,10739
6ninedcsrftdtwofivexzmpxdccnine3,63,10802
threeseven73,33,10835
pppkjkgt3,33,10868
seven2six1ctmmjvdgj8h9,79,10947
xkpk3fivemgmrfph,35,10982
pppgfivesixnineqxs6onebgsplgfhqp,51,11033
cvjq15threesqqtpczr,13,11046
three95,35,11081
twoldjbdxnqncntpphxshbthree767kfqbsqhlkg,27,11108
9lfhbgmcqnhhlvvpvdtwo37,97,11205
v7gj,77,11282
23fvgbbdjgst8,28,11310
six3frmpq,63,11373
zrggqtwo6sqr8,28,11401
fiverdrxxtjlhzn97fxsqpxf,57,11458
sevenlpb2sj3one312,72,11530
four6six9fourjbsix7fnr,47,11577
lpbgnkhkkbninec8three,93,11670
spvkzsthfour2,42,11712
ljbrlhtkxfkskvdbgxqmmjn3nineqmqtffkfive9,39,11751
h1jmxtlfivenine1djqrsnpqccvzmdhsmxnqrjlgdlnj,11,11762
8threeseven,87,11849
1onefive6one71five,15,11864
qbjqnfsevenmls8gdnr66,76,11940
jgpzsix76pxldgpcvdcpzn,66,12006
8nkdjhgrn,88,12094
threeeighteight79,39,12133
9ninelzzrjqpkseven,97,12230
75six,76,12306
threebpfsn3three,33,12339
4twonel,41,12380
pjvmb14tzbz2tpfourfourseven,17,12397
zslfour1pkklkrsixncvjtkn,46,12443
honeight3,13,12456
six7stfffkjg,67,12523
42fourktbdmzstcgmdtcgbhffthree,43,12566
two27,27,12593
ghvrgzj6six1,61,12654
vxjqk3xhlr3,33,12687
threetgzkjslbdrdxgfzsd3lcheight8ninebxhzf,39,12726
sixfive7one,61,12787
f5,55,12842
qq6lkvlmrnseven9three,63,12905
8fournine64rzdnnhgdsixseven,87,12992
4vttbdfivesgdnjsvsxt6,46,13038
765,75,13113
6czbdlfcfkvplmcb,66,13179
7one52,72,13251
eight6neightone,81,13332
six5lttjtcbxmxnz,65,13397
threetwo692eight,38,13435
dhcztvmmlllg8four,84,13519
btdjgnh9vjvlqfkznqr635hhcr,95,13614
2jvbxcfournine,29,13643
4sixonemp299sevenfour,44,13687
1sixmdqkzqtgzeight7nine9,19,13706
4nnhfkrlmfpseven,47,13753
blhvfourtwo5vrlqtqrlpxgd,45,13798
kptg4eightvglvjdczfive,45,13843
5599msgkplgqfnzseveneight6,56,13899
3tnfvgftsnbzksnrhtrtlbfxcfqfjgnndlmfvkqvhcmgdtwo,32,13931
txvjfglxtbfive3zpx19,59,13990
six9four5,65,14055
5fourseven,57,14112
fsevenmnfskhckvfszs73rnjqjhsseven,77,14189
95knstccbfivepgpt,95,14284
kmtjfxtztqnrngxxgcgh1kdxpdjzspz,11,14295
two2rtcmvpbzsmfourchpqthree99,29,14324
fzteighteightlvnoneslhjmcrqrg8pzvszdxzbp,88,14412
one49szrxcjvtt3eighteight,18,14430
8nqbmcsthreeninexf7,87,14517
fvvzvpmsgrrnhjksf8l4,84,14601
7msxhtdk,77,14678
jgtwonetwosixthreervlmxlnine869lbqzxpqqn,29,14707
nvdn6bdg9ninesix,66,14773
82rxtf,82,14855
9tdqsdppseven7one,91,14946
tlbbxvtwo8one671bhghlhdpfh,21,14967
3onethhhlmgfhseven,37,15004
n2six,26,15030
53eight,58,15088
one5five85,15,15103
three5375nine55,35,15138
fhvxvtjcnn3stcjhsdjtc1hhmk,31,15169
six1jmgzrklbxrmzshpfgnv94hzfd,64,15233
737six,76,15309
25nine,29,15338
fivevnpmlzvvp118lbv8xzplfttx8,58,15396
ninethreesevensevensix4three2,92,15488
xkgtqqlcdr51bgtx,51,15539
sixpddqmbb5onehbmjfbpqx3threechgvdkghhjhnxl,63,15602
7eight9sdcq1,71,15673
9ninejbcxzp,99,15772
3two2sixone,31,15803
seven8fiveonecrcqrglql141,71,15874
4nine3cllndctlninecrdxsevenbhbqsgtjnchkmknpdht,47,15921
sevenzfbnvgfive3threesix,76,15997
tvvjkskxgvfourxhccmmpxqx8mtxmfxmrcnine,49,16046
ptnnhktxxn2qrjvmddszgcftlpdfvxcpkm,22,16068
mboneight8lbjvvfzrl8qgqf,18,16086
7twomjfhzl,72,16158
sevendrdvmx2ninethree7seven2,72,16230
zoneight6eightnldnvhqpbd5,15,16245
29c,29,16274
kzfkvqqs2ninesmlcrg573five,25,16299
vxcgdz24ljhrhgsix6,26,16325
one3nine53xtr7seven,17,16342
djdeightwoeightc2six6nine,89,16431
eight2727seventhreeone,81,16512
3gdtc7llsdlftdrx,37,16549
581vjcbpmrzlp157jjcmlrzhr,57,16606
7eightsix8fourgg69,79,16685
zsh38twocvklone,31,16716
three6np,36,16752
9tvxqtbpf77one7149,99,16851
7three3gqfpfqmhsfxqbqbnv,73,16924
8rhflhmhtbm,88,17012
217onethreelgfmpdscnine98,28,17040
three3stnst6xqqxvxzkfssevenbzktd7,37,17077
46ttbnzlfnsjbc,46,17123
bsqxtvhgthree58four8seventhree,33,17156
ccntwonedsjvftmftwoeightfourbxxt5eighteight3,23,17179
threeninembphrpfourone13hnjvn,33,17212
bkm2onez6xxdjvnxvxjrtwoeight,28,17240
jztoneight8gsmnjcfvk,18,17258
six3fourninetwo62,62,17320
99dndgmkcctwoneftn,91,17411
eight7pkzcxqhzfiveppvnineksjfhhqgm4,84,17495
2ngrttwozgdsrdsfq5ftgsq,25,17520
fourdnmxjn5997eightkxkkpseven,47,17567
rxnrnqvm98zjxxmkflone,91,17658
three1dkmtwoone,31,17689
6tttkrtnhgfzx8five4shlcvhr,64,17753
nffggbxmhkpcppm8kjhktmdvlkkmrffdng254,84,17837
mbjm445,45,17882
6nfqxlhklrmfour7,67,17949
twosixsqtsfcleight8onefdsjxvbgt,21,17970
9bkkrznine,99,18069
fivedzpnp1,51,18120
cctxzzjbhgttmszdph1sixqseven2,12,18132
1qnfxpzfg2feight,18,18150
5gdj3shgqvjdsix23gqp,53,18203
xdgxsrshddmzmhkhznsdthree4one,31,18234
gmtsixsixninexxsxone7three2,62,18296
1rttbtsccr,11,18307
threeseven1fdzqvmbnsfive6,36,18343
nxqxvhsix41385none,61,18404
sxgmkrzmbvn4sixfive5five6six,46,18450
three6threepdjsseven3kgxtwo,32,18482
8grzmhsmkthree,83,18565
seven1htzbglcdfbcg,71,18636
5nsjsnrscz1zhrvjmtg5onefive6,56,18692
two4one,21,18713
dzl41four3threehbbqnkhn,43,18756
onebsm86,16,18772
xh2,22,18794
eightqmdbfiveqv21sevenseven,87,18881
5onefour3twolrtmmonetwo,52,18933
32seven,37,18970
vpcncrhjxgcs3sevenninenine5two,32,19002
mponeight9glbvgrff,19,19021
zgzzzpfffneighttdcplkbfr57,87,19108
7nineninemfneight,78,19186
3ddrsxrmbzsmxkdfive8,38,19224
pnxtxmfrpmtwo3,23,19247
onerktgpv55,15,19262
79twosixhnnrqklz98,78,19340
5915vnrpsj,55,19395
rfg7szlxneight,78,19473
ninejhnzpnhkrlqceightfive5,95,19568
tzcgzzx6two3qfk5dffgnp,65,19633
ceightwothreerqnfl5fourdfbrthreedntdchgnine,89,19722
sixnfmdk3sixthreekgvmrzseven1,61,19783
mcdbsqnrzconetwo1dthreeeightjfjdblk,18,19801
48threejtdnq,43,19844
threerxnrgzd9,39,19883
vmzgfplpveightfnctwo4pptlb,84,19967
ninesixqtbqgjvqv1three8,98,20065
cfnlshzvczgvm1onefive,15,20080
gsskzxkgrbzx5pggzmsfhtwotrsvmttzdc8three1,51,20131
3sevenfrc7vzg,37,20168
dcmxmg7d2jlbtfhkr8,78,20246
62nzzeight9txrzlm,69,20315
9pjllhmfgkvssixsixthreeqmzthree,93,20408
ctjksjbbdn28,28,20436
39fivefive5cnqjtr9vpvsix,36,20472
jlbjfouronent7mlpqpcvqcmhfhvqjqcmtwo,42,20514
2kpvxg6nine,29,20543
seven4mlsbhzcmjfthree8,78,20621
1khfjhp3fourrh,14,20635
ninesixpfrjvfm8kkjsrhttxsslhtwoeightwovvg,92,20727
four2nine,49,20776
fourlgcbfptfz45nineeight5eightkqtbt,48,20824
5sixxqggppnl7,57,20881
51zvfive1v,51,20932
fiveoneqqk5seven7four3five,55,20987
kqlkrntrcfrhtwo9scczeight8dbqmfhstnzq,28,21015
ghdjlnzmskmvjeightnzmpbjgone61,81,21096
three8jrhhmfnfive3four48eight,38,21134
nine87ninekfzh8,98,21232
329nine,39,21271
jgtwo3xvlkbvhrss27vltrghkljq1rkzkls,21,21292
vrcfourtwoqlgcrxf274,44,21336
sxzkxpvnhsixsevensixtgptbrpnfthhnj15,65,21401
5rqqntzlq1one,51,21452
1pnine762fhone,11,21463
ttghtthree5eightbqm4two8,38,21501
2pmtldtwo6onedtsklbcbjhone,21,21522
fourseventhtdcsmc5,45,21567
xqp75five99g4,74,21641
mrjpmm4crgk212seven3,43,21684
qjpdjb1,11,21695
two44sevenqtcdhxjp35xxx,25,21720
sevenvtd7ttvmsninergrgdxbdqcthree,73,21793
pgkqpltdzcthreemzrsrqjfourcrghhsfsjcqtmvxq4,34,21827
threeonexfrdvr1nblctsevendqmmzdr2,32,21859
8three2six8,88,21947
59twozjfour2,52,21999
qgtjgmrvfcffour29four5six2,42,22041
zzhnine3nineknzkvmbxvm54fivelrrgc,95,22136
fonesix3three,13,22149
seven6fivetlhhonetdzrkhjzqzseven,77,22226
1ldxvjseven9eight5,15,22241
seven2bcbktzsjpp,72,22313
2kxqxflk55two7cflfdfvsx5six,26,22339
5lvhclqxtf,55,22394
one768two,12,22406
vfh8,88,22494
nineseven3xpc2jkvmgkqc6two,92,22586
vvcvzfb947twortlnl96,96,22682
seven58nine4nine8tbtjqfpgp,78,22760
7onefive4lbhslhdpsbtwo3vm,73,22833
foursixsix3971fiveeight,48,22881
nrqxrffqbp15,15,22896
mklsgg3oneseven6eight4bnbfxf,34,22930
9five5klpzgrccnxvd96three,93,23023
sgbqgrlqreight8,88,23111
jlvrfrskmlrdtdpr4foureight1xccgtcf,41,23152
five5threek4hsmqjq,54,23206
five6pxqlplmtvcvjgtbk,56,23262
3sevenninefourone,31,23293
nbrthreeone9gxeightlrkfvgtzhtwoqvnfb,32,23325
teightwo972hrdrlgn5mpbjrxprpkjxgdkghgrgbthree,83,23408
7nzgktdsvkjlqdlonergplcdqvv,71,23479
kzxttx3fivesevenjdlqz9eight,38,23517
9slfgkbdmq24nh595two,92,23609
tkbnjhjrfivekqqxsjleight1,51,23660
seven23kh2tggrone,71,23731
12four1xcvkxbcv1four5zs,15,23746
j7ml,77,23823
8eightone58dnxhddzstmfleight,88,23911
mtd37fiveeight3fxcbcd7,37,23948
2fiveeight,28,23976
zkmvsnsgnine321mtbzzg,91,24067
4tgzhmf9,49,24116
threexjqtqzgzj4kvdtbpjv,34,24150
twohmnpsqbdcrbl35three4seven,27,24177
2twolpmdnxmcps8fourttfrhzzx,24,24201
onegqsqrhx2twoeightcxmnxvzsfivethree,13,24214
2eightseven92sixcjmkzjsl,26,24240
9gncpkg,99,24339
six51eightfourkmqbrrkkrjzmhgsevenfour,64,24403
9bhxxzseventhreesglvvpjmc83eight9eightwomd,92,24495
164cndtzcrdrxfzgnvqkvd1threefive,15,24510
43sjlrhsrthqtwoqrxkqsixsix,46,24556
twohfbqjxmc3four161three,23,24579
4ngvsmdvm,44,24623
xmhkgqdnfbdxcxm9,99,24722
lqgxmshjzgggj9jsqnv96one,91,24813
vt2znbmqonesix1gjppfmsevenone,21,24834
nvdjzzlspjthree8eight,38,24872
qzvtwone1one3fivek,25,24897
eightlfztsninepxfstsxtthreefourthree7,87,24984
k6,66,25050
zmeight2,82,25132
3cblxxxthreethree232,32,25164
two6sixcsgnzqbttjdzqs39oneightdr,28,25192
bnjzfkmfh8ndfssix2pff8nctdvdqk,88,25280
spxskgfmtgghlmklqzz6tdgxnbnnxfmgnfiveseven,67,25347
cqrlmd62gsh,62,25409
6rmrzkv4,64,25473
nineone6dbtzrtsp8sixzrhjhkrhvsxktbdkjcrone,91,25564
5pvhbxqdvvqhlthreejqvs2,52,25616
lmeightwothreesjrsqgsv9,89,25705
seven8two92eight,78,25783
five9sixeightonevzqtzq8tcgpbgthzvlcld,58,25841
51ptkkdnzhgp,51,25892
7jkrtwofourfour,74,25966
xpzvfcdv1jvbd5mgvchdbnd9chlvqkc5,15,25981
27threectsxpfd12eight,28,26009
prqbfh3foursevencgmhkmkd12,32,26041
one5seven8threegqcznrrxfheightfvkjkssbch6,16,26057
1vgsixeight3sztxzjkgldmqqbrm3,13,26070
jjcpponejtxkmnmggtfive3,13,26083
sixlsqgmqkjjzrpqj3dgsrpdzj3mjkdqhpq,63,26146
slxstvfive7nfst,57,26203
6fiventqxzhxkfivekcdbhrkx,65,26268
sevenjqmfmbjfoursixcx7threexspc,73,26341
kgqjjxfkmhqtf22htnvmpgxsztbb5,25,26366
nineqzgzsscrrfngnzksfour1,91,26457
9threerq4rhnbmhhsoneseven9,99,26556
6eighteightmjbthree5eight,68,26624
threexhzqqs2kjdqvjr4,34,26658
z3ktworvbgbqzbpt,32,26690
2onefive6,26,26716
c69492,62,26778
eightsixnine8tpjcxmpln,88,26866
mxxfpjsplj3msxqdnnbcbbqxfzs5ninecmjpzq7,37,26903
cnineninesixfive3seventwo,92,26995
six18eight3eightfourthreeone,61,27056
6zdtsqkplv41jmrk7qkgjpkqgmmqsttvrhkzone,61,27117
7threenvbjsvbshmd4sxffiveqvvctwo,72,27189
two2two7lpmsjl4,24,27213
sixceighteight71psffhzjdjrm,61,27274
seventhree2eight,78,27352
qpmpfdlr7,77,27429
dxtzmkcrsix5,65,27494
65oneptbzdxcsqseven72five,65,27559
7bdmgtzdmtwotwoseven8one,71,27630
14sixckthree1n2,12,27642
twotwo5hpqhmnnjbsix35,25,27667
one5twothreeeightglqdbjlgkseven,17,27684
one4twokzbdzv,12,27696
8mcv71six58kkxdqx,88,27784
bgbvdrfsixfqqvnlptzrqkhgmt8,68,27852
37oneightrmm,38,27890
3onefbtvqchjthreebhxpvlqcdqh,33,27923
gjcninercqpvvzdfkcdcfv2,92,28015
13fourbgntvtnxmr,14,28029
8447zdxvzfkft,87,28116
1foursix,16,28132
threefivetwoseven4eighttsxflbcqtnfourthree,33,28165
tseven1twolzjkfdttfklsdzrrflnfxfgvlq63,73,28238
four9fone9twobhppd,42,28280
nzcvxgjqrsfqgkktggdlnine5,95,28375
57thz,57,28432
3threeseven25,35,28467
zsbc6fivecqvlhtwolqone,61,28528
nnsoneightdnine6rhckhj23fjj4,14,28542
cj1rbxlggxxgtxxbmtgfg6two,12,28554
vhkgpz4,44,28598
nrmskeightone9six2clhcjkcl9jk,89,28687
onejvdcrf96hbv,16,28703
seven8three55,75,28778
1sixtwo79,19,28797
jcqknvjppbxsphlxrrcbzmkqnine29,99,28896
2fourvgzhnq,24,28920
2six93rdrkfjkqlllx6nine,29,28949
77onevkvqhvptbn,71,29020
32szxlxdc5zlrtjdqpt5,35,29055
nine75hzkzvdseventhreelxt1six,96,29151
vdbgshtjm8grgllht4qhpkhdfour,84,29235
mrvdgqvseight3jtzfdspdtrkf,83,29318
kcg2twoonelcpxlg,21,29339
2xlcjcxzczt,22,29361
1pszcvn12sxmcbdxznpeightxvdjjbgrjlpdv,18,29379
fourbsbkvnineonesixthree8,48,29427
945five5one,91,29518
nine71gzq79,99,29617
3threeeighteightldqcgtbd,38,29655
two671four2r,22,29677
bbfpvdsvffour5two,42,29719
767l97hm,77,29796
twofour5,25,29821
xxrs931ckbg34g,94,29915
qhnht4,44,29959
nine723nine9,99,30058
93preight5f6seven,97,30155
one8qncpgpl,18,30173
fiveeightsix8jr2,52,30225
twocdv9lrtsbcdtvz62pkzm,22,30247
dmhfljxqxeightxmbprh2,82,30329
rr5,55,30384
5twotwo,52,30436
three8two5,35,30471
4rjqmbdtxv42twoeightseven5,45,30516
fourb349six,46,30562
f31nineninetxtdtfivehc7,37,30599
1one3,13,30612
2eightxztclpbvkp,28,30640
bkxvnhhn6nine211,61,30701
1twoseven3xmzg,13,30714
lnzpnine54eightwoqpr,92,30806
gnhdcgdmvthree9nine,39,30845
vlxjmdc1fivesix,16,30861
nineonefour69,99,30960
ktdkztzmmcgxslggh7dhptrkgfbqnine3two4,74,31034
qfczhgjnt6,66,31100
3fourrzmt,34,31134
onethree2four3nztsmbqmtldgonenlc,11,31145
29six9xlffbvfntz85,25,31170
five6trqbjkhjfmrlgpcxseven,57,31227
threegz9chglg6,36,31263
9tq,99,31362
1onefive8two84ngrh,14,31376
hrqhreightfive1lp,81,31457
onethree4,14,31471
two8psmqcbsixsix,26,31497
sixseven3xxczmccll,63,31560
fourmmlcgbkhktbmrp5three,43,31603
27sztxgmqdvnfivelfcpzjsx7one,21,31624
hdbhrqhhffbgjxvdpqk6sevenbn,67,31691
93ninezmtrgjqbsp74,94,31785
gsljpvzxkq9,99,31884
zbjzzrnkbeightseven1four,84,31968
fourfivetwothree2rh5,45,32013
155cqrh1,11,32024
1tjdeight,18,32042
dvnlk78cbvdrccmmx3seven,77,32119
8seveneightsix,86,32205
ffjlhcgxp97plmttszkvj7jvtsgsevenznl,97,32302
121four,14,32316
threetkqnxtwobvbmzj4ppkdxqtblszmxqhqbv,34,32350
5sevenxgcgqnlpkpnfmcnkbfbeighttwosevenhpht,57,32407
gkgnfiveninelr5eight,58,32465
six4nine73szmldmdd,63,32528
9jfgcslbrcz,99,32627
jrgrnmntmtwonptz8eightninesix6,26,32653
238eight1xtjdgb,21,32674
2one66fourndjcxmmbhfcq1,21,32695
5bmfntsevensix,56,32751
5832663v,53,32804
7sixdzmhfrjonebdqlqh8threeonenine,79,32883
92six,96,32979
vqpg91hspvdgtwol,92,33071
fivembzffnlcktwo18four7,57,33128
six99nbzrgd8,68,33196
onexqflrlvdmrsix9nbl1szkf,11,33207
vqmlzjc1d3,13,33220
three7two4vbgzthree,33,33253
twoninejbbxhdfnbqjddj26one2,22,33275
5nine296ninefourone,51,33326
onevznthreedbtjtgxhh36sevenfour,14,33340
zfkffkjsz7btqgtm1lqvsix74frjhrkbjj,74,33414
sltlgnine6fiveninegglpc8ninenine,99,33513
two7three,23,33536
fourbrmdvfbtnnnhr1mnhbztwo98,48,33584
nine6slnine,99,33683
cqkfp35hzrdlcpcsjhssdlnjv,35,33718
six42seven32five,65,33783
zkhjblqjlsfive9kbxzhjmnzrxbrrj6sevenjdvljbh,57,33840
9ldrjmjpqeight4pnmcfvg3b,93,33933
lone8,18,33951
two1sixfourgskrlfkxxdhbjspmhg,24,33975
4hgceight2one52jmbmjkjb,42,34017
six8zfbjxfckfivesixzrpn3,63,34080
vbrbvv6,66,34146
jfjkvxcrbjhztvtmjbp15two6one,11,34157
3xvhtzgqpn4td,34,34191
xthree44,34,34225
68973one7rmx5,65,34290
ptbndknk26two8cv7seven,27,34317
57417four,54,34371
ngeightwopgdtlxjgs3threefivefivesk92zgcmch,82,34453
pmfjgxpg6ninefoursix,66,34519
5hlgzgrxhxxqt8,58,34577
1nine3,13,34590
gvdhxthjxnxv7dtzninenine4,74,34664
jrtwonehzddmgcjsn6rzldcsfpqs8eight6six,26,34690
5fourfive,55,34745
jn6,66,34811
two2four,24,34835
567ninefive5fivefourdrbh,54,34889
36sevensixkbphcrstnine,39,34928
76svmjhhkrt73,73,35001
thgzhsclsptfqfzpsnine4cxxpv,94,35095
two1one8fninefdctxpmtk7,27,35122
seventpxmbxcl9,79,35201
cghxxdnnf7vmvqdfhhxznine6dgt,76,35277
soneightsix7,17,35294
7ft3threeqdhxjmkgd6vgfmb,76,35370
1threesix5lzjzrm,15,35385
fiveonedknfvkphltcxnsvxpvxlxldxrqftcmqvvqx6,56,35441
sone1tnmqklzvbbctjvntddpm3,13,35454
nine9vb,99,35553
eight52threeqnhhvn,83,35636
87fhkjhseight485,85,35721
1onesixzczvlsmhbfour7,17,35738
3ztseven,37,35775
7tjjbq2three,73,35848
sevenv1eight9cpvmrn8oneightnxs,78,35926
1threehlhxjj2eight,18,35944
six87twofour3646,66,36010
eightzlmj2zreightbflxtmdbv,88,36098
one2eightznone,11,36109
seven2eightvlxkqnpjb7dlqrmnhtfive1seven,77,36186
43eight3,43,36229
fivesixfiveeightsxrvgmpshvone7,57,36286
7dpmrqeightone1rdfdrx,71,36357
dtmtpgjll136dbcjlrhzrdnm7svlrdrcngpnine,19,36376
5dl9,59,36435
94ctwo4four,94,36529
7ninegnssldmnmqc,79,36608
nine1sevenzdvkpxxsfccmb,97,36705
none5five1rsrsxpxnlt1lxtf,11,36716
sixpl9nhgm,69,36785
51brpphslhjtwo2stjrkphcgrfive,55,36840
fivetdhlrcbtwozdsfgcdnhv67fivesdjlqnine,59,36899
4fourfour7sevenfourfivenjdxvf,45,36944
674one46,66,37010
6ninentdksjfkdvhkkxzrgftnbjmfsjgzd,69,37079
4ninerpvfmfonetcnhk,41,37120
1ksbmzccfreight5,15,37135
3vqr,33,37168
ninegqbgveight7hggnxxgrq3,93,37261
sixfourfourseven1rfivekcflqd4,64,37325
mzvqrlp1sixnine,19,37344
sevennine3gqjmqrq,73,37417
6vhp8one251eight,68,37485
5dnsxqrb3twokdzdbdcncm,52,37537
srcmzlkrone9ninegbfnfmxjf,19,37556
82lmhlhmtgfour6nbljxrgjb3ninesixtwoneqhc,81,37637
6pctdhrmhrgsbm,66,37703
sevenhgpfqvkh5three51jdkqz84,74,37777
hfzlmldpn9tjtlpb,99,37876
phccmtthonesix6,16,37892
3fourbrzqzsbnthone,31,37923
11pssjfqkfivebmprltbvm4,14,37937
gmtc2five,25,37962
one2lj4fivetwo,12,37974
ninexjrzfonehvntsmnzx2,92,38066
fourg746jpxvrbzdmseven,47,38113
six76436,66,38179
89gddfltmdkkmleightqbzppmklxzgpnlg,88,38267
sevenmtfmdrbcl9,79,38346
3cpgvjgzxsixnine5hvrxbdnclfgbvfsix5twonelv,31,38377
eightklzkzxltzone5,85,38462
377bqrbsdk1eightthree6,36,38498
2sevenlfqhmfour,24,38522
21oneonevg9rr,29,38551
onenzjgjxlmtrgbt84onenlls,11,38562
7rlgkgrsixfive,75,38637
nmmpl6fc7ccg8lkvpvqplztwo,62,38699
mzbxkmfcd89six,86,38785
fbhzskjt4seven3jrvfjhqsbcone3,43,38828
five3sevensix,56,38884
eightsix6,86,38970
n9,99,39069
threeninemzpjqpcpvnine424ninesix,36,39105
8ninesfour7,87,39192
twopbsbvdpnine6fourfive7qbbckmhxgg2,22,39214
5ksvzfbdbgvnqonehsgtvgkbgjkzggsmpvkxpxtft,51,39265
qeightwo2three68nine39lr,89,39354
5gpz6283five,55,39409
19fourjctnldrqlghx,14,39423
gtwonetbqxnvxlz2three,23,39446
jdvmph5fgztldhtwoxhzk,52,39498
fourgmhflfpxmbqpt8jdxkntnchmtkgqhsgthree,43,39541
527five,55,39596
5sixfour,54,39650
mdchltjjqmfive7,57,39707
kn6glgjlspeightfivej,65,39772
3vsblvhkmt7,37,39809
17rmnoneqqgqmcvlseventwotwofive,15,39824
eightjbmnzngtxsix3two,82,39906
fourgdczfkvs3onekrcm,41,39947
2prvszkhlnine,29,39976
nine67mqtxbthtfxgtwof,92,40068
lrcrninevgshzsrmj9threethree6,96,40164
bslrhlvpthree49fmlzb,39,40203
3nzqmndm7hxzrlsxgmt,37,40240
48jtjrmzvtct,48,40288
pzpthxqxs9pjkhxc6gk5,95,40383
eightbdvrcsg2tgjkzzj,82,40465
2oneeightonemlgpgtdg,21,40486
8sevenrxksglxdfour3lhst,83,40569
four88sevennine1,41,40610
fiveqszbfmdv8xfiveeight,58,40668
sqqbhtk3nine5mqzkzbzlxlhdtwo,32,40700
8eightone,81,40781
63njcjnbhptone75fqhg,65,40846
fourthreefivesix9pvfivehmbhmhtrplseven,47,40893
5fourbfnzxfivenine8four,54,40947
rzhqrxfhpf9seven69kcjhxv,99,41046
nlh3fourfourlbppcjdx37,37,41083
hntmdckqhonejmcfphrrthreesix3two6,16,41099
eight7sevenonefourfour,84,41183
nkhfgtknbjsixzrpppnqsone15threesixfive,65,41248
nine5xlvfqmfourfive3,93,41341
sscctsdfourkppsrd6eight4,44,41385
eight92,82,41467
1oneightfs,18,41485
2hmgrqgjznhh1xztfmthreev,23,41508
jvpzlqbsrb3,33,41541
pszdpm3,33,41574
kccl2,22,41596
dzxmqpgfive6338seven,57,41653
9nqfpv,99,41752
prphfourninesix5six,46,41798
57vbcbcvtbgtqmktjscjbzfkjgzzv7rspqlrdfsmbsvbmb,57,41855
qxqlzmeightfourhzvctqsxczg4qggztsnrzz,84,41939
79seven8rzgzhksz97tbrftfllmpone,71,42010
twovdspsvmftgnfjdqgjpv92qdqzcgr2,22,42032
6ninesevenninecxzmvlczjf1eight,68,42100
186,16,42116
fourtwo324five5eightv,48,42164
six95five1tnpsqkr4twocgnbrtr,62,42226
threesix2ksh,32,42258
dpbbkpxvd457sixbncfnkbleight3,43,42301
bxrbglhfcz2five,25,42326
8three3fivethreeqjg54nine,89,42415
nineonepvhrzcdm9lbqqgrdmggzkqzvhnbczrhhvjz,99,42514
3rgljppmcftqmqkqbl,33,42547
9threeqjrjrgseven,97,42644
4qtfn,44,42688
five7fourfourhbspnlmgsmxnxt5,55,42743
fffctbhcpklfndj23twotwo39,29,42772
62sevenxnxthreefive6two,62,42834
5772six9five,55,42889
seven599rpztwo,72,42961
onefiveonemsftxtqdcsix7jngtvr,17,42978
12fttpqzzlk,12,42990
zcndrqjsfourthreethree11seven,47,43037
nineone8,98,43135
tdlbrszns4pdlptfvcnxqhx,44,43179
5six2nine8hvktskx,58,43237
5xvcnbsix9vnclxm,59,43296
94ptv6mzgninesk96,96,43392
4lfvvczdgvh8rzgkmvnk,48,43440
74nsvkm5nztmctpmngppzkphltpx,75,43515
46two9four67nine,49,43564
oneonefive5fchd3nksmgs,13,43577
6vnstxdtlninezgdvpmjjcxlqvc,69,43646
6five3,63,43709
7four76rklqgljhdzzhdcqrqzpxmfftbcfiveoneightjzg,78,43787
43eight43955four,44,43831
gsrrtkpqpseven1fourbfninereight,78,43909
6rvdtwotwo4eighteight5,65,43974
foureight9,49,44023
468cgbctpkqninetsxskqbhmj,49,44072
7twonine4,74,44146
8jnssjzcgpzrvbqzmv5three3jmhfjcbtwo,82,44228
4qjrgrntbfzghfkzxvmj53pcrjrlls,43,44271
twonnjv8,28,44299
97three9zgkhgmrcfour,94,44393
9eight23,93,44486
qtsgznprvthreethree6,36,44522
63tworhdlrfstgxfmjjknfourqfvfjjz,64,44586
sevenltdcgs8three,73,44659
bjctzmmbhrqlfzqgxbcdgdgprv9twogjmrdclzt,92,44751
63lslhrbmcznine6,66,44817
66gc8seventwo,62,44879
zdrpnjjtwo62ph6,26,44905
ninerdxqgxtqrrgx3gz3three5lfc,95,45000
lflcrscclg35oneeightpmhhm1bkftvxqbmx1,31,45031
74rgb,74,45105
six8ninelvxdqphkd6,66,45171
5zsbfjsixseven1,51,45222
4rflxzvnn,44,45266
mjbpr4qjjhvbgn,44,45310
26four6drctrdmz,26,45336
6mrzflsszvq,66,45402
fcjbdqdnh1stglpmc6nmvggcvnrghcpcnz,16,45418
one2four48fourcgkvvnlzlb,14,45432
kc2461two,22,45454
fivethree54dbvxmf,54,45508
849psvj9six,86,45594
hnxg5rbhbqzzeight4,54,45648
zzsix45glphncrrq5two4nqrdsk,64,45712
seventhree5qpfour7nnbllpkgveight,78,45790
bsh78mzxzhhseven8,78,45868
jllhfive7sevenninebcmninet,59,45927
nineseven4pdkfpdzqpbzgt,94,46021
sevenninetbthree5skjmeightfpjrq,78,46099
nxkv6,66,46165
four59,49,46214
zrhcvb6qlctpeightbnphxmlk1cjzdbl,61,46275
8mtgqjthreenine32,82,46357
6slj8zqbpqmr5,65,46422
rqkvxmqtkn8oneckdxtqvxcthreehngfdqqsseven,87,46509
nine4nfqpgdpvx9fivethreefourfnhfjmfzqr,94,46603
3gdxbh2gbm6,36,46639
72qmrrqbsflqpspdp9ff8two,72,46711
xgbphtnjfrg5fourdfmsmqhfp597,57,46768
bkkpgrhj8hlbsqmjdjqxjtjkrgppjgszpmm,88,46856
five71,51,46907
9rmmf1hqqsmdrrfour,94,47001
7ninelflmvj6seventhree,73,47074
172,12,47086
tfhqv1,11,47097
jfbtwoneninenine6dgxnqjgsteighttwo,22,47119
4dnvfvx,44,47163
37sj6three48nfjtclz,38,47201
2two4fsbbmrtnlqljqdskqseven,27,47228
1pnpzdr3sevenfive,15,47243
fourrbktzvtslxjdz9,49,47292
47six,46,47338
jgcrllvbsvnrnmqfppxjfournbmjgp36nineb3,43,47381
s6fgr4four4,64,47445
cmpvp8three7,87,47532
xjqmgdrvtlv5xmcpnkhvfhrbjzx,55,47587
117eight,18,47605
9snnxnrccnonepdbfhhqcnpsevendsffjsvknpvmkdxp,97,47702
rgsix6rqzsix8nine,69,47771
nine8two,92,47863
2clfqtxkztwo4twobjscfzptgn,22,47885
6s5dnfkpxts5five,65,47950
five9cst,59,48009
eight71dmbdqfgtpvj3,83,48092
vdf3fjfsczlvvnine3foureightfivennhqmcdbdb,35,48127
two59eight9,29,48156
eightdkfmscfmzrk7ninespg9,89,48245
sixseven46seven,67,48312
493djtvlhsixnhnts1sss,41,48353
ninepczttwothreemtz3three,93,48446
fivezlfjhqnknnhdfour8eightninetwo,52,48498
4ngvsvfivemgthtlcczfbjq1ngxvsbmt9,49,48547
sixcgkmnd2,62,48609
12,12,48621
nkgbpqfvvb9threesixqgqvjgzdxm1rc,91,48712
five7seven,57,48769
2seven8151,21,48790
86eightfivethreebgbfvr4,84,48874
355,35,48909
hgldv8four2dzmtpdsmck4five,85,48994
ninemb7gtqzrpbt31fourndtsjkhv,94,49088
3fivefourghlmgfhninesbtcsqone32,32,49120
7krkptwo4qmzhvpsixthree,73,49193
74ppbsmnpfthreefivefive,75,49268
9four5zdkprcnbtl6,96,49364
four3seveneightbrmdbcxxrk,48,49412
twothreerdvxmqsbtgtszmxr4eight9jzbxpfstc,29,49441
73prc73six6three1,71,49512
9fivesix5fivepsg,95,49607
two98two98,28,49635
oneseventhreethree4qvjtzksdsz,14,49649
tnbsgjqdkl22,22,49671
rmlbp4seven45,45,49716
9dpzqbds2pffivefqrchvhpvjbtnl,95,49811
79hdzstwofoureight5bjs,75,49886
t2,22,49908
4pstpbdkxblnmv9nzfzsttfgfivefiverrtlmgj,45,49953
zkkhkggtthree3eightseven,37,49990
d11fourzfcnmzbxgbpf,14,50004
66six53klhrdnbtp85,65,50069
onenineonelsfhzbkjgsfivedhzlfcvh8,18,50087
jdt4four,44,50131
bgfzvxthreeonebhlqjbprf1,31,50162
sevenfourktsxkbbgt5,75,50237
mmqffp1,11,50248
vqghrsgxpsssix2jxzvdjdconeznlgpxbqdlsncrsix,66,50314
5bnzrdptseven8nine,59,50373
zqdklqmjjc2rl8jxtmsixxftvspzlhfive,25,50398
vmn9,99,50497
7mhhcftwofour21sixvvhlmspeight,78,50575
blvhpfour354sevendrllsfivexmt,45,50620
six5fivetxrvnvftfvgcddshzktwo83,63,50683
3mdcpcj,33,50716
zdtjmglv8rkgpfvninethreetfgmx6sksteight,88,50804
48five8mnstwoone7nv,47,50851
cbpvqbddlllczgfmninenine3zqvptoneightx,98,50949
1two2,12,50961
jxfhzr35threesixlxghqbqtq,36,50997
nftv7sevenninetwo2seventwonnkbvqnjjx,72,51069
eightgjeight6f4,84,51153
2fivessrktznhjvxmghnlhbmfseven2two,22,51175
onedhvdg82xdvgmhxzbqrpzlnfx4,14,51189
17nzhkkpchk9,19,51208
dzccfzphmz6sevensixeightmcvxsthree,63,51271
onettfmvfhgsix1two,12,51283
eightone37,87,51370
2onepdnbrbxk4foursevenzrmzmvqzgstppr,27,51397
five536seventhj96,56,51453
nlhqljfzmb4khqtjh,44,51497
j8l,88,51585
2kpmrhmhonefour,24,51609
2jblsixkbblgzbfprhbjnrtspcqs,26,51635
6twothree,63,51698
two19eight9,29,51727
fivexbrjpnhhlvdztthree9,59,51786
jzlmvxjn9oneoneone,91,51877
2cnqphtdjgdnhbkseven2fiveninefive,25,51902
threetwonine67tqpbdfhfbv,37,51939
smgr56slfpdmfive6ninehmqrck,59,51998
fqqnjqpccjqt6six75lpfczmnine,69,52067
bq2mdxchhmbxfzzkqgsixrbcpklpqnxsvnbthree,23,52090
eightthreefxxssg8cx,88,52178
lhlc6,66,52244
nine6onexmvlbtbxznmrztnv,91,52335
8fivedlxzgxxflbltteighttwochtxlfjx,82,52417
seveneightfour1three4gbcnnk,74,52491
8fivejtxbpvmpxoneninesixzdrjhtncbnkgpsxqs6,86,52577
1hxsxn84eight,18,52595
sevenseven71phgltmtxq4,74,52669
8fivepcqthree3dn,83,52752
f6bbrdqflknp,66,52818
fiverpjbb9rjbrfrlrnine,59,52877
zfqpjjktg5seveneightfiveltvvtxdfk,55,52932
flhnczsbx6,66,52998
tsqlvphjmfourrcqsjj7four9six2rnz,42,53040
fivedmznjqtwoqmone1,51,53091
eightfllck3spsfrgz92gmcgkgg,82,53173
tcrrrztsevensixqthpdqgxv91vvhbsqgzkq,71,53244
22pztfnhh554qdvzjxnnzzrj,24,53268
tscrkt4,44,53312
fzmsgmzbz5,55,53367
rxzsnjhcnkthree8eight,38,53405
9fourdhjpp2648,98,53503
4chvdrvtgqgbzhcxztwosixsixhnqknqmntzlltqncdxddnjlk,46,53549
xbfk2cr,22,53571
hrmbslbdgnine8nineeightseven8one3,93,53664
kmkdhbonesix79rbshvkkvjnzzq4,14,53678
9jrz26,96,53774
seven163nine,79,53853
83sixgvhjttnhkq9frphcqrng,89,53942
8five3seven,87,54029
three16xqdzlkqjjtf,36,54065
5fiveeightl8veight1pxfptklnhj,51,54116
npllktfive45nhvqjcjgpxx,55,54171
hbfr9mm,99,54270
onerbfkf4threeone,11,54281
7eightone,71,54352
eight2kmjlsix8one61,81,54433
rvrnrdrninenine3zq6jqsr,96,54529
lztlntnsevenpplkhkftq1,71,54600
tfrrjmcvtbmktnxtxkkrcctmc33four5gfqpcjreight,38,54638
33rgcjxfsfqsvxxbxcnrjfndrrfmrtk,33,54671
3627837xhhb8,38,54709
bmjhkkn4pgf,44,54753
qkrsvjclp23,23,54776
5fourzllbmcgkxsevengkrzkpvcmvgtxlrv6,56,54832
fivetczxxvjrrqfive1sevennvj6one3,53,54885
54885
