zlmlk1,11,11
vqjvxtc79mvdnktdsxcqc1sevenone,71,82
vsskdclbtmjmvrseven6,66,148
8jkfncbeight7seven8,88,236
six8dbfrsxp,88,324
2zpcbjdxcjfone68six,28,352
zqmzgfivethreefdnlhpeight8798,88,440
fivenineone6,66,506
6sixzvdsprdqlftwonine,66,572
lqztrmztwo8dg,88,660
four6onerv2pfhm,62,722
plvzrs5,55,777
5282gdnc918,58,835
pskjsrchjpxoneonenine96fivefour,96,931
fivefour2hhtprpjndm4,24,955
6qbdcfdjsd1lmldklflteight,61,1016
gctgdhpkkjninekj65rkqg8,68,1084
eight6gcjlsmzt5,65,1149
5chvmhmfgl7xkjfdpdbp,57,1206
5tpzpnrgpftrnine,55,1261
threeonehqbzktq1,11,1272
685fivetwofour4lvgxgdb,64,1336
9jdxljkfqttstqxdzdsztsxrfjbkqmmsqzseven,99,1435
twostcllbpndtwo15seven,15,1450
8fivetwofivetjfvsxzs5kdkpxgxvsfhr7,87,1537
sevenlvrc2fivefivesixqkzdkrfour,22,1559
45jjpmnscmmk,45,1604
lhxgbfjtcknpvz6,66,1670
tndgnkcqtjbrzgbrfjr3fiveqxlktntzthree,33,1703
vqb6threeeightbdt,66,1769
1eighteight7fourone8,18,1787
bcmqn9onecnrzhsrsgzggzhtskjeightbz6khfhccktwonenrj,96,1883
6qmgkbkmlxfourprhxrxrdseight,66,1949
9three479,99,2048
9two6zhtjzfmjrteight,96,2144
1fiverrxdmvfvxhs7jqzzqpcflzt75,15,2159
pnjmlpbbeightskgdf6one,66,2225
6cpzqzfsjtpfq135,65,2290
484,44,2334
llfvhxglfivesixthreenseven36,36,2370
jhcpt9rq7fhzbnhk,97,2467
tthree5lrgtbxxvonezfmdpseven2,52,2519
67jmrxfdmfbmzsixkzghng,67,2586
sixthreefdbzhslqone2sevenfoursevennlnpjgsx,22,2608
54zrkfbfq,54,2662
six7rfpfbzbghxcnxlnfjkznine7,77,2739
8dfoursm338cz,88,2827
sevenfiveeightone68,68,2895
dqmvcbdclx23653,23,2918
eight58qgjlcvflrggndskff,58,2976
shmmk28,28,3004
93eightdtgcnhphv1,91,3095
gdtdjgggtj3dgrqsmvfh,33,3128
one3pksbh32three,32,3160
9kkpjrmhmmlzvqngnhftwoonexjqmnfive,99,3259
rlsevenblrvrk7,77,3336
nine9hqmtshkjdhs,99,3435
93fdbrbnnvxsktggqnjfjk7brsncmxkcfzhm34,94,3529
248twofbkfpxtheightwovng,28,3557
28746threecbffiveseven,26,3583
eight449,49,3632
4eightnine4ptmzvpfqxhrzvrpjhfsdsvlhbht,44,3676
sevensevenfive6bjf,66,3742
sqthreevhmvbgxvnk2one,22,3764
ghpsix5seven31,51,3815
7llnsgdtzbxjbbqcmxfhgcdnptwothreeone,77,3892
eight3fouroneplsrfvqf,33,3925
4six6one,46,3971
27twofvlssjbsk8j,28,3999
njlllqnrvx8four,88,4087
5onekcngbbmpnxseven9fourzcprjp,59,4146
sevenfive2sevenknzpxtx,22,4168
8eightljhtmnxpjhxhnqtwo1rjddcbj,81,4249
mzsqh3sixfivethree,33,4282
deightwoeighteight5,55,4337
nine42sevenscnjeight97,47,4384
2gcrkrfourfivenpzssevenseven4,24,4408
eightdtwosevenmj3two,33,4441
9zkhqlcd3,93,4534
ctpncdkcmonehfive9,99,4633
sixrtwo7rqnine689,79,4712
sevenm16gshq4xqdxqbhcl,14,4726
zxxnrpstkkmnhcc6,66,4792
three1sixninelsxrbkpneight,11,4803
jzkfvrtmctjz5,55,4858
sdsfrh4nine,44,4902
foureightfive7six,77,4979
ninesixfivefive53seven,53,5032
42threezpvxnrg5sfzctbtk,45,5077
seven7pkfnqggvjthreextfksczdd,77,5154
xsb6ntlfzxvlxrkx1sevenkmnqxhcdnqkdzt,61,5215
6sbzfqfdm,66,5281
lrfjxppqbdseven94ntnskpkdqeightsix5xskh,95,5376
98czzcq,98,5474
696cmcdpztwojk6tz,66,5540
jbpfbqfdd64four2onezrfm,62,5602
9jfklkpcffive5phpzqvhrtcqvmxvmgljn8,98,5700
329sixjglqzqzjnlsqbnqnzsb56,36,5736
59three,59,5795
4863five,43,5838
6txkcgtn7gtsxgtnine,67,5905
lxdtnjvjbgxpnrft8eight2cjqfdtrk6dm,86,5991
twothree53,53,6044
two1qf4,14,6058
6ltxhxcdfive,66,6124
rlrdkzgnk6mnsbxfkhh,66,6190
41z4nzcqzjqrnmsixtrrbgtwo,44,6234
tbnsixsixtwomptdjtzkxfhlflpcdnbmrbctjscxq6qtmjmkpfk,66,6300
1vqlkjtmjeightcjzxnzscczqmxcpvnprhtwo,11,6311
lznhcphkdmrhpninesix344,34,6345
fggprsvtgmbbtlk14xkrnbcjrdbrsbdltfztmtwo,14,6359
6rqlzs34cdlzmxone,64,6423
two7zpbgsxl,77,6500
lckblpljvv5two75fivegttgmvcpmlhltxz,55,6555
bjfbxdpvnj581three,51,6606
1seven4,14,6620
8ninezhzrgg6crlpggmtfour41lhjcqtblh,81,6701
seveneight8sevenoneshvkcdhgfmxhn7dzccsdfkcx,87,6788
7zljpgl2,72,6860
six1two,11,6871
fourztcnpn8bsbzfhdhgkjjsthree,88,6959
onepthfrh9vcs9sevenhljhmprhlsjrr,99,7058
vlnpmqlpjfour5,55,7113
two3qfourlqsninethreefour,33,7146
hshdseven7,77,7223
eightfive4five6four4flrzhrxzlreight,44,7267
five187,17,7284
seven2xlbqkhtflqtsfhrf1vvnbt,21,7305
onefiveninethree26,26,7331
2sck1n9eight6,26,7357
6sixsix7two9xznczchmx,69,7426
27eight,27,7453
7six3,73,7526
ztlbbncthreeseven54three,54,7580
eight8r6mcrcgrz51,81,7661
eightnines6nine75,65,7726
nhx83fivetwofivefourrvxqhnpeightwoj,83,7809
857sixzrnine6dlprzx,86,7895
lteightwo2132seven7oneone,27,7922
1516ldxxftfnineseven5,15,7937
6fourfivej3,63,8000
sjmjp99,99,8099
bprsznhxztpp51,51,8150
cmfivetwo1four,11,8161
6mgcffzzspll15djsoneseven,65,8226
9qjcvfourqdtmhlqzfxfg6,96,8322
six45fivetwo3zkpxmxsgxtmg4,44,8366
three12four72kvztxqdmfxhrxsp,12,8378
threeninebnzthreedfqvm93kqmxpsnmb,93,8471
8nzfbcmghfive92,82,8553
914six,94,8647
sevenfive6,66,8713
3bxxccqzdjsfive78lhtpbl,38,8751
5zdvjxsfvcptngh5,55,8806
vboneight4six17,47,8853
seven8eight9krfhll3lnine,83,8936
stv4eightonesixcfveight,44,8980
rnmjpszvx94fivefzsphkkftgxpsfhvthsbv,94,9074
zmntmkcbgrtwonspdq7,77,9151
5ntxnjclc8six,58,9209
8six58five,88,9297
6ninesixeightqjnjfbbtlmcqvthree,66,9363
hgjh9vhtdtcgkzpltnpxfqhsix7kq,97,9460
64sevenc9,69,9529
96z62ninenine,92,9621
sevenseven38,38,9659
ckk9zdnkjvskct,99,9758
8flk7,87,9845
8eighthqntfrh,88,9933
8cthrxbjlxbnqvqc496htsltqpqktqnz,86,10019
31threetwo5,35,10054
twofour5,55,10109
rlggcjdthj3nine,33,10142
18five4,14,10156
sevenhgncfjnseven1twoseven,11,10167
kshqgsm3pcd518,38,10205
8qrpbpbbmzmbctsmvtddoneninefivetwofttd,88,10293
fivetwoqvtscrs133two5seven,15,10308
6ninedcsrftdtwofivexzmpxdccnine3,63,10371
threeseven73,73,10444
pppkjkgt3,33,10477
seven2six1ctmmjvdgj8h9,29,10506
xkpk3fivemgmrfph,33,10539
pppgfivesixnineqxs6onebgsplgfhqp,66,10605
cvjq15threesqqtpczr,15,10620
three95,95,10715
twoldjbdxnqncntpphxshbthree767kfqbsqhlkg,77,10792
9lfhbgmcqnhhlvvpvdtwo37,97,10889
v7gj,77,10966
23fvgbbdjgst8,28,10994
six3frmpq,33,11027
zrggqtwo6sqr8,68,11095
fiverdrxxtjlhzn97fxsqpxf,97,11192
sevenlpb2sj3one312,22,11214
four6six9fourjbsix7fnr,67,11281
lpbgnkhkkbninec8three,88,11369
spvkzsthfour2,22,11391
ljbrlhtkxfkskvdbgxqmmjn3nineqmqtffkfive9,39,11430
h1jmxtlfivenine1djqrsnpqccvzmdhsmxnqrjlgdlnj,11,11441
8threeseven,88,11529
1onefive6one71five,11,11540
qbjqnfsevenmls8gdnr66,86,11626
jgpzsix76pxldgpcvdcpzn,76,11702
8nkdjhgrn,88,11790
threeeighteight79,79,11869
9ninelzzrjqpkseven,99,11968
75six,75,12043
threebpfsn3three,33,12076
4twonel,44,12120
pjvmb14tzbz2tpfourfourseven,12,12132
zslfour1pkklkrsixncvjtkn,11,12143
honeight3,33,12176
six7stfffkjg,77,12253
42fourktbdmzstcgmdtcgbhffthree,42,12295
two27,27,12322
ghvrgzj6six1,61,12383
vxjqk3xhlr3,33,12416
threetgzkjslbdrdxgfzsd3lcheight8ninebxhzf,38,12454
sixfive7one,77,12531
f5,55,12586
qq6lkvlmrnseven9three,69,12655
8fournine64rzdnnhgdsixseven,84,12739
4vttbdfivesgdnjsvsxt6,46,12785
765,75,12860
6czbdlfcfkvplmcb,66,12926
7one52,72,12998
eight6neightone,66,13064
six5lttjtcbxmxnz,55,13119
threetwo692eight,62,13181
dhcztvmmlllg8four,88,13269
btdjgnh9vjvlqfkznqr635hhcr,95,13364
2jvbxcfournine,22,13386
4sixonemp299sevenfour,49,13435
1sixmdqkzqtgzeight7nine9,19,13454
4nnhfkrlmfpseven,44,13498
blhvfourtwo5vrlqtqrlpxgd,55,13553
kptg4eightvglvjdczfive,44,13597
5599msgkplgqfnzseveneight6,56,13653
3tnfvgftsnbzksnrhtrtlbfxcfqfjgnndlmfvkqvhcmgdtwo,33,13686
txvjfglxtbfive3zpx19,39,13725
six9four5,95,13820
5fourseven,55,13875
fsevenmnfskhckvfszs73rnjqjhsseven,73,13948
95knstccbfivepgpt,95,14043
kmtjfxtztqnrngxxgcgh1kdxpdjzspz,11,14054
two2rtcmvpbzsmfourchpqthree99,29,14083
fzteighteightlvnoneslhjmcrqrg8pzvszdxzbp,88,14171
one49szrxcjvtt3eighteight,43,14214
8nqbmcsthreeninexf7,87,14301
fvvzvpmsgrrnhjksf8l4,84,14385
7msxhtdk,77,14462
jgtwonetwosixthreervlmxlnine869lbqzxpqqn,89,14551
nvdn6bdg9ninesix,69,14620
82rxtf,82,14702
9tdqsdppseven7one,97,14799
tlbbxvtwo8one671bhghlhdpfh,81,14880
3onethhhlmgfhseven,33,14913
n2six,22,14935
53eight,53,14988
one5five85,55,15043
three5375nine55,55,15098
fhvxvtjcnn3stcjhsdjtc1hhmk,31,15129
six1jmgzrklbxrmzshpfgnv94hzfd,14,15143
737six,77,15220
25nine,25,15245
fivevnpmlzvvp118lbv8xzplfttx8,18,15263
ninethreesevensevensix4three2,42,15305
xkgtqqlcdr51bgtx,51,15356
sixpddqmbb5onehbmjfbpqx3threechgvdkghhjhnxl,53,15409
7eight9sdcq1,71,15480
9ninejbcxzp,99,15579
3two2sixone,32,15611
seven8fiveonecrcqrglql141,81,15692
4nine3cllndctlninecrdxsevenbhbqsgtjnchkmknpdht,43,15735
sevenzfbnvgfive3threesix,33,15768
tvvjkskxgvfourxhccmmpxqx8mtxmfxmrcnine,88,15856
ptnnhktxxn2qrjvmddszgcftlpdfvxcpkm,22,15878
mboneight8lbjvvfzrl8qgqf,88,15966
7twomjfhzl,77,16043
sevendrdvmx2ninethree7seven2,22,16065
zoneight6eightnldnvhqpbd5,65,16130
29c,29,16159
kzfkvqqs2ninesmlcrg573five,23,16182
vxcgdz24ljhrhgsix6,26,16208
one3nine53xtr7seven,37,16245
djdeightwoeightc2six6nine,26,16271
eight2727seventhreeone,27,16298
3gdtc7llsdlftdrx,37,16335
581vjcbpmrzlp157jjcmlrzhr,57,16392
7eightsix8fourgg69,79,16471
zsh38twocvklone,38,16509
three6np,66,16575
9tvxqtbpf77one7149,99,16674
7three3gqfpfqmhsfxqbqbnv,73,16747
8rhflhmhtbm,88,16835
217onethreelgfmpdscnine98,28,16863
three3stnst6xqqxvxzkfssevenbzktd7,37,16900
46ttbnzlfnsjbc,46,16946
bsqxtvhgthree58four8seventhree,58,17004
ccntwonedsjvftmftwoeightfourbxxt5eighteight3,53,17057
threeninembphrpfourone13hnjvn,13,17070
bkm2onez6xxdjvnxvxjrtwoeight,26,17096
jztoneight8gsmnjcfvk,88,17184
six3fourninetwo62,32,17216
99dndgmkcctwoneftn,99,17315
eight7pkzcxqhzfiveppvnineksjfhhqgm4,74,17389
2ngrttwozgdsrdsfq5ftgsq,25,17414
fourdnmxjn5997eightkxkkpseven,57,17471
rxnrnqvm98zjxxmkflone,98,17569
three1dkmtwoone,11,17580
6tttkrtnhgfzx8five4shlcvhr,64,17644
nffggbxmhkpcppm8kjhktmdvlkkmrffdng254,84,17728
mbjm445,45,17773
6nfqxlhklrmfour7,67,17840
twosixsqtsfcleight8onefdsjxvbgt,88,17928
9bkkrznine,99,18027
fivedzpnp1,11,18038
cctxzzjbhgttmszdph1sixqseven2,12,18050
1qnfxpzfg2feight,12,18062
5gdj3shgqvjdsix23gqp,53,18115
xdgxsrshddmzmhkhznsdthree4one,44,18159
gmtsixsixninexxsxone7three2,72,18231
1rttbtsccr,11,18242
threeseven1fdzqvmbnsfive6,16,18258
nxqxvhsix41385none,45,18303
sxgmkrzmbvn4sixfive5five6six,46,18349
three6threepdjsseven3kgxtwo,63,18412
8grzmhsmkthree,88,18500
seven1htzbglcdfbcg,11,18511
5nsjsnrscz1zhrvjmtg5onefive6,56,18567
two4one,44,18611
dzl41four3threehbbqnkhn,43,18654
onebsm86,86,18740
xh2,22,18762
eightqmdbfiveqv21sevenseven,21,18783
5onefour3twolrtmmonetwo,53,18836
32seven,32,18868
vpcncrhjxgcs3sevenninenine5two,35,18903
mponeight9glbvgrff,99,19002
zgzzzpfffneighttdcplkbfr57,57,19059
7nineninemfneight,77,19136
3ddrsxrmbzsmxkdfive8,38,19174
pnxtxmfrpmtwo3,33,19207
onerktgpv55,55,19262
79twosixhnnrqklz98,78,19340
5915vnrpsj,55,19395
rfg7szlxneight,77,19472
ninejhnzpnhkrlqceightfive5,55,19527
tzcgzzx6two3qfk5dffgnp,65,19592
ceightwothreerqnfl5fourdfbrthreedntdchgnine,55,19647
sixnfmdk3sixthreekgvmrzseven1,31,19678
mcdbsqnrzconetwo1dthreeeightjfjdblk,11,19689
48threejtdnq,48,19737
threerxnrgzd9,99,19836
vmzgfplpveightfnctwo4pptlb,44,19880
ninesixqtbqgjvqv1three8,18,19898
cfnlshzvczgvm1onefive,11,19909
gsskzxkgrbzx5pggzmsfhtwotrsvmttzdc8three1,51,19960
3sevenfrc7vzg,37,19997
dcmxmg7d2jlbtfhkr8,78,20075
62nzzeight9txrzlm,69,20144
9pjllhmfgkvssixsixthreeqmzthree,99,20243
ctjksjbbdn28,28,20271
39fivefive5cnqjtr9vpvsix,39,20310
jlbjfouronent7mlpqpcvqcmhfhvqjqcmtwo,77,20387
2kpvxg6nine,26,20413
seven4mlsbhzcmjfthree8,48,20461
1khfjhp3fourrh,13,20474
ninesixpfrjvfm8kkjsrhttxsslhtwoeightwovvg,88,20562
four2nine,22,20584
fourlgcbfptfz45nineeight5eightkqtbt,45,20629
5sixxqggppnl7,57,20686
51zvfive1v,51,20737
fiveoneqqk5seven7four3five,53,20790
kqlkrntrcfrhtwo9scczeight8dbqmfhstnzq,98,20888
ghdjlnzmskmvjeightnzmpbjgone61,61,20949
three8jrhhmfnfive3four48eight,88,21037
nine87ninekfzh8,88,21125
329nine,39,21164
jgtwo3xvlkbvhrss27vltrghkljq1rkzkls,31,21195
vrcfourtwoqlgcrxf274,24,21219
sxzkxpvnhsixsevensixtgptbrpnfthhnj15,15,21234
5rqqntzlq1one,51,21285
1pnine762fhone,12,21297
ttghtthree5eightbqm4two8,58,21355
2pmtldtwo6onedtsklbcbjhone,26,21381
fourseventhtdcsmc5,55,21436
xqp75five99g4,74,21510
mrjpmm4crgk212seven3,43,21553
qjpdjb1,11,21564
two44sevenqtcdhxjp35xxx,45,21609
sevenvtd7ttvmsninergrgdxbdqcthree,77,21686
pgkqpltdzcthreemzrsrqjfourcrghhsfsjcqtmvxq4,44,21730
threeonexfrdvr1nblctsevendqmmzdr2,12,21742
8three2six8,88,21830
59twozjfour2,52,21882
qgtjgmrvfcffour29four5six2,22,21904
zzhnine3nineknzkvmbxvm54fivelrrgc,34,21938
fonesix3three,33,21971
seven6fivetlhhonetdzrkhjzqzseven,66,22037
1ldxvjseven9eight5,15,22052
seven2bcbktzsjpp,22,22074
2kxqxflk55two7cflfdfvsx5six,25,22099
5lvhclqxtf,55,22154
one768two,78,22232
vfh8,88,22320
nineseven3xpc2jkvmgkqc6two,36,22356
vvcvzfb947twortlnl96,96,22452
seven58nine4nine8tbtjqfpgp,58,22510
7onefive4lbhslhdpsbtwo3vm,73,22583
foursixsix3971fiveeight,31,22614
nrqxrffqbp15,15,22629
mklsgg3oneseven6eight4bnbfxf,34,22663
9five5klpzgrccnxvd96three,96,22759
sgbqgrlqreight8,88,22847
jlvrfrskmlrdtdpr4foureight1xccgtcf,41,22888
five5threek4hsmqjq,54,22942
five6pxqlplmtvcvjgtbk,66,23008
3sevenninefourone,33,23041
nbrthreeone9gxeightlrkfvgtzhtwoqvnfb,99,23140
teightwo972hrdrlgn5mpbjrxprpkjxgdkghgrgbthree,95,23235
7nzgktdsvkjlqdlonergplcdqvv,77,23312
kzxttx3fivesevenjdlqz9eight,39,23351
9slfgkbdmq24nh595two,95,23446
tkbnjhjrfivekqqxsjleight1,11,23457
seven23kh2tggrone,22,23479
12four1xcvkxbcv1four5zs,15,23494
j7ml,77,23571
8eightone58dnxhddzstmfleight,88,23659
mtd37fiveeight3fxcbcd7,37,23696
2fiveeight,22,23718
zkmvsnsgnine321mtbzzg,31,23749
4tgzhmf9,49,23798
threexjqtqzgzj4kvdtbpjv,44,23842
twohmnpsqbdcrbl35three4seven,34,23876
2twolpmdnxmcps8fourttfrhzzx,28,23904
onegqsqrhx2twoeightcxmnxvzsfivethree,22,23926
2eightseven92sixcjmkzjsl,22,23948
9gncpkg,99,24047
six51eightfourkmqbrrkkrjzmhgsevenfour,51,24098
9bhxxzseventhreesglvvpjmc83eight9eightwomd,99,24197
164cndtzcrdrxfzgnvqkvd1threefive,11,24208
43sjlrhsrthqtwoqrxkqsixsix,43,24251
twohfbqjxmc3four161three,31,24282
4ngvsmdvm,44,24326
xmhkgqdnfbdxcxm9,99,24425
lqgxmshjzgggj9jsqnv96one,96,24521
vt2znbmqonesix1gjppfmsevenone,21,24542
nvdjzzlspjthree8eight,88,24630
qzvtwone1one3fivek,13,24643
eightlfztsninepxfstsxtthreefourthree7,77,24720
k6,66,24786
zmeight2,22,24808
3cblxxxthreethree232,32,24840
two6sixcsgnzqbttjdzqs39oneightdr,69,24909
bnjzfkmfh8ndfssix2pff8nctdvdqk,88,24997
spxskgfmtgghlmklqzz6tdgxnbnnxfmgnfiveseven,66,25063
cqrlmd62gsh,62,25125
6rmrzkv4,64,25189
nineone6dbtzrtsp8sixzrhjhkrhvsxktbdkjcrone,68,25257
5pvhbxqdvvqhlthreejqvs2,52,25309
lmeightwothreesjrsqgsv9,99,25408
seven8two92eight,82,25490
five9sixeightonevzqtzq8tcgpbgthzvlcld,98,25588
51ptkkdnzhgp,51,25639
7jkrtwofourfour,77,25716
xpzvfcdv1jvbd5mgvchdbnd9chlvqkc5,15,25731
27threectsxpfd12eight,22,25753
prqbfh3foursevencgmhkmkd12,32,25785
one5seven8threegqcznrrxfheightfvkjkssbch6,56,25841
1vgsixeight3sztxzjkgldmqqbrm3,13,25854
jjcpponejtxkmnmggtfive3,33,25887
sixlsqgmqkjjzrpqj3dgsrpdzj3mjkdqhpq,33,25920
slxstvfive7nfst,77,25997
6fiventqxzhxkfivekcdbhrkx,66,26063
sevenjqmfmbjfoursixcx7threexspc,77,26140
kgqjjxfkmhqtf22htnvmpgxsztbb5,25,26165
nineqzgzsscrrfngnzksfour1,11,26176
9threerq4rhnbmhhsoneseven9,99,26275
6eighteightmjbthree5eight,65,26340
threexhzqqs2kjdqvjr4,24,26364
z3ktworvbgbqzbpt,33,26397
2onefive6,26,26423
c69492,62,26485
eightsixnine8tpjcxmpln,88,26573
mxxfpjsplj3msxqdnnbcbbqxfzs5ninecmjpzq7,37,26610
cnineninesixfive3seventwo,33,26643
six18eight3eightfourthreeone,13,26656
6zdtsqkplv41jmrk7qkgjpkqgmmqsttvrhkzone,67,26723
7threenvbjsvbshmd4sxffiveqvvctwo,74,26797
two2two7lpmsjl4,24,26821
sixceighteight71psffhzjdjrm,71,26892
seventhree2eight,22,26914
qpmpfdlr7,77,26991
dxtzmkcrsix5,55,27046
65oneptbzdxcsqseven72five,62,27108
7bdmgtzdmtwotwoseven8one,78,27186
14sixckthree1n2,12,27198
twotwo5hpqhmnnjbsix35,55,27253
one5twothreeeightglqdbjlgkseven,55,27308
one4twokzbdzv,44,27352
8mcv71six58kkxdqx,88,27440
bgbvdrfsixfqqvnlptzrqkhgmt8,88,27528
37oneightrmm,37,27565
3onefbtvqchjthreebhxpvlqcdqh,33,27598
gjcninercqpvvzdfkcdcfv2,22,27620
13fourbgntvtnxmr,13,27633
8447zdxvzfkft,87,27720
1foursix,11,27731
threefivetwoseven4eighttsxflbcqtnfourthree,44,27775
tseven1twolzjkfdttfklsdzrrflnfxfgvlq63,13,27788
four9fone9twobhppd,99,27887
nzcvxgjqrsfqgkktggdlnine5,55,27942
57thz,57,27999
3threeseven25,35,28034
zsbc6fivecqvlhtwolqone,66,28100
nnsoneightdnine6rhckhj23fjj4,64,28164
cj1rbxlggxxgtxxbmtgfg6two,16,28180
vhkgpz4,44,28224
nrmskeightone9six2clhcjkcl9jk,99,28323
onejvdcrf96hbv,96,28419
seven8three55,85,28504
1sixtwo79,19,28523
jcqknvjppbxsphlxrrcbzmkqnine29,29,28552
2fourvgzhnq,22,28574
2six93rdrkfjkqlllx6nine,26,28600
77onevkvqhvptbn,77,28677
32szxlxdc5zlrtjdqpt5,35,28712
nine75hzkzvdseventhreelxt1six,71,28783
vdbgshtjm8grgllht4qhpkhdfour,84,28867
mrvdgqvseight3jtzfdspdtrkf,33,28900
kcg2twoonelcpxlg,22,28922
2xlcjcxzczt,22,28944
1pszcvn12sxmcbdxznpeightxvdjjbgrjlpdv,12,28956
fourbsbkvnineonesixthree8,88,29044
945five5one,95,29139
nine71gzq79,79,29218
3threeeighteightldqcgtbd,33,29251
two671four2r,62,29313
bbfpvdsvffour5two,55,29368
767l97hm,77,29445
twofour5,55,29500
xxrs931ckbg34g,94,29594
qhnht4,44,29638
nine723nine9,79,29717
93preight5f6seven,96,29813
one8qncpgpl,88,29901
fiveeightsix8jr2,82,29983
twocdv9lrtsbcdtvz62pkzm,92,30075
dmhfljxqxeightxmbprh2,22,30097
rr5,55,30152
5twotwo,55,30207
three8two5,85,30292
4rjqmbdtxv42twoeightseven5,45,30337
fourb349six,39,30376
f31nineninetxtdtfivehc7,37,30413
1one3,13,30426
2eightxztclpbvkp,22,30448
bkxvnhhn6nine211,61,30509
1twoseven3xmzg,13,30522
lnzpnine54eightwoqpr,54,30576
gnhdcgdmvthree9nine,99,30675
vlxjmdc1fivesix,11,30686
nineonefour69,69,30755
ktdkztzmmcgxslggh7dhptrkgfbqnine3two4,74,30829
qfczhgjnt6,66,30895
3fourrzmt,33,30928
onethree2four3nztsmbqmtldgonenlc,23,30951
29six9xlffbvfntz85,25,30976
five6trqbjkhjfmrlgpcxseven,66,31042
threegz9chglg6,96,31138
9tq,99,31237
1onefive8two84ngrh,14,31251
hrqhreightfive1lp,11,31262
onethree4,44,31306
two8psmqcbsixsix,88,31394
sixseven3xxczmccll,33,31427
fourmmlcgbkhktbmrp5three,55,31482
27sztxgmqdvnfivelfcpzjsx7one,27,31509
hdbhrqhhffbgjxvdpqk6sevenbn,66,31575
93ninezmtrgjqbsp74,94,31669
gsljpvzxkq9,99,31768
zbjzzrnkbeightseven1four,11,31779
fourfivetwothree2rh5,25,31804
155cqrh1,11,31815
1tjdeight,11,31826
dvnlk78cbvdrccmmx3seven,73,31899
8seveneightsix,88,31987
ffjlhcgxp97plmttszkvj7jvtsgsevenznl,97,32084
121four,11,32095
threetkqnxtwobvbmzj4ppkdxqtblszmxqhqbv,44,32139
5sevenxgcgqnlpkpnfmcnkbfbeighttwosevenhpht,55,32194
gkgnfiveninelr5eight,55,32249
six4nine73szmldmdd,43,32292
9jfgcslbrcz,99,32391
jrgrnmntmtwonptz8eightninesix6,86,32477
238eight1xtjdgb,21,32498
2one66fourndjcxmmbhfcq1,21,32519
5bmfntsevensix,55,32574
5832663v,53,32627
7sixdzmhfrjonebdqlqh8threeonenine,78,32705
92six,92,32797
vqpg91hspvdgtwol,91,32888
fivembzffnlcktwo18four7,17,32905
six99nbzrgd8,98,33003
onexqflrlvdmrsix9nbl1szkf,91,33094
vqmlzjc1d3,13,33107
three7two4vbgzthree,74,33181
twoninejbbxhdfnbqjddj26one2,22,33203
5nine296ninefourone,56,33259
onevznthreedbtjtgxhh36sevenfour,36,33295
zfkffkjsz7btqgtm1lqvsix74frjhrkbjj,74,33369
sltlgnine6fiveninegglpc8ninenine,68,33437
two7three,77,33514
fourbrmdvfbtnnnhr1mnhbztwo98,18,33532
nine6slnine,66,33598
cqkfp35hzrdlcpcsjhssdlnjv,35,33633
six42seven32five,42,33675
zkhjblqjlsfive9kbxzhjmnzrxbrrj6sevenjdvljbh,96,33771
9ldrjmjpqeight4pnmcfvg3b,93,33864
lone8,88,33952
two1sixfourgskrlfkxxdhbjspmhg,11,33963
4hgceight2one52jmbmjkjb,42,34005
six8zfbjxfckfivesixzrpn3,83,34088
vbrbvv6,66,34154
jfjkvxcrbjhztvtmjbp15two6one,16,34170
3xvhtzgqpn4td,34,34204
xthree44,44,34248
68973one7rmx5,65,34313
ptbndknk26two8cv7seven,27,34340
57417four,57,34397
ngeightwopgdtlxjgs3threefivefivesk92zgcmch,32,34429
pmfjgxpg6ninefoursix,66,34495
5hlgzgrxhxxqt8,58,34553
1nine3,13,34566
gvdhxthjxnxv7dtzninenine4,74,34640
jrtwonehzddmgcjsn6rzldcsfpqs8eight6six,66,34706
5fourfive,55,34761
jn6,66,34827
two2four,22,34849
567ninefive5fivefourdrbh,55,34904
36sevensixkbphcrstnine,36,34940
76svmjhhkrt73,73,35013
thgzhsclsptfqfzpsnine4cxxpv,44,35057
two1one8fninefdctxpmtk7,17,35074
seventpxmbxcl9,99,35173
cghxxdnnf7vmvqdfhhxznine6dgt,76,35249
soneightsix7,77,35326
7ft3threeqdhxjmkgd6vgfmb,76,35402
1threesix5lzjzrm,15,35417
fiveonedknfvkphltcxnsvxpvxlxldxrqftcmqvvqx6,66,35483
sone1tnmqklzvbbctjvntddpm3,13,35496
nine9vb,99,35595
eight52threeqnhhvn,52,35647
87fhkjhseight485,85,35732
1onesixzczvlsmhbfour7,17,35749
3ztseven,33,35782
7tjjbq2three,72,35854
sevenv1eight9cpvmrn8oneightnxs,18,35872
1threehlhxjj2eight,12,35884
six87twofour3646,86,35970
eightzlmj2zreightbflxtmdbv,22,35992
one2eightznone,22,36014
seven2eightvlxkqnpjb7dlqrmnhtfive1seven,21,36035
43eight3,43,36078
fivesixfiveeightsxrvgmpshvone7,77,36155
7dpmrqeightone1rdfdrx,71,36226
dtmtpgjll136dbcjlrhzrdnm7svlrdrcngpnine,17,36243
5dl9,59,36302
94ctwo4four,94,36396
7ninegnssldmnmqc,77,36473
nine1sevenzdvkpxxsfccmb,11,36484
none5five1rsrsxpxnlt1lxtf,51,36535
sixpl9nhgm,99,36634
51brpphslhjtwo2stjrkphcgrfive,52,36686
fivetdhlrcbtwozdsfgcdnhv67fivesdjlqnine,67,36753
4fourfour7sevenfourfivenjdxvf,47,36800
674one46,66,36866
6ninentdksjfkdvhkkxzrgftnbjmfsjgzd,66,36932
4ninerpvfmfonetcnhk,44,36976
1ksbmzccfreight5,15,36991
3vqr,33,37024
ninegqbgveight7hggnxxgrq3,73,37097
sixfourfourseven1rfivekcflqd4,14,37111
mzvqrlp1sixnine,11,37122
sevennine3gqjmqrq,33,37155
6vhp8one251eight,61,37216
5dnsxqrb3twokdzdbdcncm,53,37269
srcmzlkrone9ninegbfnfmxjf,99,37368
82lmhlhmtgfour6nbljxrgjb3ninesixtwoneqhc,83,37451
6pctdhrmhrgsbm,66,37517
sevenhgpfqvkh5three51jdkqz84,54,37571
hfzlmldpn9tjtlpb,99,37670
phccmtthonesix6,66,37736
3fourbrzqzsbnthone,33,37769
11pssjfqkfivebmprltbvm4,14,37783
gmtc2five,22,37805
one2lj4fivetwo,24,37829
ninexjrzfonehvntsmnzx2,22,37851
fourg746jpxvrbzdmseven,76,37927
six76436,76,38003
89gddfltmdkkmleightqbzppmklxzgpnlg,89,38092
sevenmtfmdrbcl9,99,38191
3cpgvjgzxsixnine5hvrxbdnclfgbvfsix5twonelv,35,38226
eightklzkzxltzone5,55,38281
377bqrbsdk1eightthree6,36,38317
2sevenlfqhmfour,22,38339
21oneonevg9rr,29,38368
onenzjgjxlmtrgbt84onenlls,84,38452
7rlgkgrsixfive,77,38529
nmmpl6fc7ccg8lkvpvqplztwo,68,38597
mzbxkmfcd89six,89,38686
fbhzskjt4seven3jrvfjhqsbcone3,43,38729
five3sevensix,33,38762
eightsix6,66,38828
n9,99,38927
threeninemzpjqpcpvnine424ninesix,44,38971
8ninesfour7,87,39058
twopbsbvdpnine6fourfive7qbbckmhxgg2,62,39120
5ksvzfbdbgvnqonehsgtvgkbgjkzggsmpvkxpxtft,55,39175
qeightwo2three68nine39lr,29,39204
5gpz6283five,53,39257
19fourjctnldrqlghx,19,39276
gtwonetbqxnvxlz2three,22,39298
jdvmph5fgztldhtwoxhzk,55,39353
fourgmhflfpxmbqpt8jdxkntnchmtkgqhsgthree,88,39441
527five,57,39498
5sixfour,55,39553
mdchltjjqmfive7,77,39630
kn6glgjlspeightfivej,66,39696
3vsblvhkmt7,37,39733
17rmnoneqqgqmcvlseventwotwofive,17,39750
eightjbmnzngtxsix3two,33,39783
fourgdczfkvs3onekrcm,33,39816
2prvszkhlnine,22,39838
nine67mqtxbthtfxgtwof,67,39905
lrcrninevgshzsrmj9threethree6,96,40001
bslrhlvpthree49fmlzb,49,40050
3nzqmndm7hxzrlsxgmt,37,40087
48jtjrmzvtct,48,40135
pzpthxqxs9pjkhxc6gk5,95,40230
eightbdvrcsg2tgjkzzj,22,40252
2oneeightonemlgpgtdg,22,40274
8sevenrxksglxdfour3lhst,83,40357
four88sevennine1,81,40438
fiveqszbfmdv8xfiveeight,88,40526
sqqbhtk3nine5mqzkzbzlxlhdtwo,35,40561
8eightone,88,40649
63njcjnbhptone75fqhg,65,40714
fourthreefivesix9pvfivehmbhmhtrplseven,99,40813
5fourbfnzxfivenine8four,58,40871
rzhqrxfhpf9seven69kcjhxv,99,40970
nlh3fourfourlbppcjdx37,37,41007
hntmdckqhonejmcfphrrthreesix3two6,36,41043
eight7sevenonefourfour,77,41120
nkhfgtknbjsixzrpppnqsone15threesixfive,15,41135
nine5xlvfqmfourfive3,53,41188
sscctsdfourkppsrd6eight4,64,41252
eight92,92,41344
1oneightfs,11,41355
2hmgrqgjznhh1xztfmthreev,21,41376
jvpzlqbsrb3,33,41409
pszdpm3,33,41442
kccl2,22,41464
dzxmqpgfive6338seven,68,41532
9nqfpv,99,41631
prphfourninesix5six,55,41686
57vbcbcvtbgtqmktjscjbzfkjgzzv7rspqlrdfsmbsvbmb,57,41743
qxqlzmeightfourhzvctqsxczg4qggztsnrzz,44,41787
79seven8rzgzhksz97tbrftfllmpone,77,41864
twovdspsvmftgnfjdqgjpv92qdqzcgr2,92,41956
6ninesevenninecxzmvlczjf1eight,61,42017
186,16,42033
fourtwo324five5eightv,35,42068
six95five1tnpsqkr4twocgnbrtr,94,42162
threesix2ksh,22,42184
dpbbkpxvd457sixbncfnkbleight3,43,42227
bxrbglhfcz2five,22,42249
8three3fivethreeqjg54nine,84,42333
nineonepvhrzcdm9lbqqgrdmggzkqzvhnbczrhhvjz,99,42432
3rgljppmcftqmqkqbl,33,42465
9threeqjrjrgseven,99,42564
4qtfn,44,42608
five7fourfourhbspnlmgsmxnxt5,75,42683
fffctbhcpklfndj23twotwo39,29,42712
62sevenxnxthreefive6two,66,42778
5772six9five,59,42837
seven599rpztwo,59,42896
onefiveonemsftxtqdcsix7jngtvr,77,42973
12fttpqzzlk,12,42985
zcndrqjsfourthreethree11seven,11,42996
nineone8,88,43084
tdlbrszns4pdlptfvcnxqhx,44,43128
5six2nine8hvktskx,58,43186
5xvcnbsix9vnclxm,59,43245
94ptv6mzgninesk96,96,43341
4lfvvczdgvh8rzgkmvnk,48,43389
74nsvkm5nztmctpmngppzkphltpx,75,43464
46two9four67nine,47,43511
oneonefive5fchd3nksmgs,53,43564
6vnstxdtlninezgdvpmjjcxlqvc,66,43630
6five3,63,43693
7four76rklqgljhdzzhdcqrqzpxmfftbcfiveoneightjzg,76,43769
43eight43955four,45,43814
gsrrtkpqpseven1fourbfninereight,11,43825
6rvdtwotwo4eighteight5,65,43890
foureight9,99,43989
468cgbctpkqninetsxskqbhmj,48,44037
7twonine4,74,44111
8jnssjzcgpzrvbqzmv5three3jmhfjcbtwo,83,44194
4qjrgrntbfzghfkzxvmj53pcrjrlls,43,44237
twonnjv8,88,44325
97three9zgkhgmrcfour,99,44424
9eight23,93,44517
qtsgznprvthreethree6,66,44583
63tworhdlrfstgxfmjjknfourqfvfjjz,63,44646
sevenltdcgs8three,88,44734
bjctzmmbhrqlfzqgxbcdgdgprv9twogjmrdclzt,99,44833
63lslhrbmcznine6,66,44899
66gc8seventwo,68,44967
zdrpnjjtwo62ph6,66,45033
ninerdxqgxtqrrgx3gz3three5lfc,35,45068
lflcrscclg35oneeightpmhhm1bkftvxqbmx1,31,45099
74rgb,74,45173
six8ninelvxdqphkd6,86,45259
5zsbfjsixseven1,51,45310
4rflxzvnn,44,45354
mjbpr4qjjhvbgn,44,45398
26four6drctrdmz,26,45424
6mrzflsszvq,66,45490
fcjbdqdnh1stglpmc6nmvggcvnrghcpcnz,16,45506
one2four48fourcgkvvnlzlb,28,45534
kc2461two,21,45555
fivethree54dbvxmf,54,45609
849psvj9six,89,45698
hnxg5rbhbqzzeight4,54,45752
zzsix45glphncrrq5two4nqrdsk,44,45796
seventhree5qpfour7nnbllpkgveight,57,45853
bsh78mzxzhhseven8,78,45931
jllhfive7sevenninebcmninet,77,46008
nineseven4pdkfpdzqpbzgt,44,46052
sevenninetbthree5skjmeightfpjrq,55,46107
nxkv6,66,46173
four59,59,46232
zrhcvb6qlctpeightbnphxmlk1cjzdbl,61,46293
8mtgqjthreenine32,82,46375
6slj8zqbpqmr5,65,46440
rqkvxmqtkn8oneckdxtqvxcthreehngfdqqsseven,88,46528
nine4nfqpgdpvx9fivethreefourfnhfjmfzqr,49,46577
3gdxbh2gbm6,36,46613
72qmrrqbsflqpspdp9ff8two,78,46691
xgbphtnjfrg5fourdfmsmqhfp597,57,46748
bkkpgrhj8hlbsqmjdjqxjtjkrgppjgszpmm,88,46836
five71,71,46907
9rmmf1hqqsmdrrfour,91,46998
7ninelflmvj6seventhree,76,47074
172,12,47086
tfhqv1,11,47097
jfbtwoneninenine6dgxnqjgsteighttwo,66,47163
4dnvfvx,44,47207
37sj6three48nfjtclz,38,47245
2two4fsbbmrtnlqljqdskqseven,24,47269
1pnpzdr3sevenfive,13,47282
fourrbktzvtslxjdz9,99,47381
47six,47,47428
jgcrllvbsvnrnmqfppxjfournbmjgp36nineb3,33,47461
s6fgr4four4,64,47525
cmpvp8three7,87,47612
xjqmgdrvtlv5xmcpnkhvfhrbjzx,55,47667
117eight,17,47684
9snnxnrccnonepdbfhhqcnpsevendsffjsvknpvmkdxp,99,47783
rgsix6rqzsix8nine,68,47851
nine8two,88,47939
2clfqtxkztwo4twobjscfzptgn,24,47963
6s5dnfkpxts5five,65,48028
five9cst,99,48127
eight71dmbdqfgtpvj3,73,48200
vdf3fjfsczlvvnine3foureightfivennhqmcdbdb,33,48233
two59eight9,59,48292
eightdkfmscfmzrk7ninespg9,79,48371
sixseven46seven,46,48417
493djtvlhsixnhnts1sss,41,48458
ninepczttwothreemtz3three,33,48491
fivezlfjhqnknnhdfour8eightninetwo,88,48579
4ngvsvfivemgthtlcczfbjq1ngxvsbmt9,49,48628
sixcgkmnd2,22,48650
12,12,48662
nkgbpqfvvb9threesixqgqvjgzdxm1rc,91,48753
five7seven,77,48830
2seven8151,21,48851
86eightfivethreebgbfvr4,84,48935
355,35,48970
hgldv8four2dzmtpdsmck4five,84,49054
ninemb7gtqzrpbt31fourndtsjkhv,71,49125
3fivefourghlmgfhninesbtcsqone32,32,49157
7krkptwo4qmzhvpsixthree,74,49231
74ppbsmnpfthreefivefive,74,49305
9four5zdkprcnbtl6,96,49401
four3seveneightbrmdbcxxrk,33,49434
twothreerdvxmqsbtgtszmxr4eight9jzbxpfstc,49,49483
73prc73six6three1,71,49554
9fivesix5fivepsg,95,49649
two98two98,98,49747
oneseventhreethree4qvjtzksdsz,44,49791
tnbsgjqdkl22,22,49813
rmlbp4seven45,45,49858
9dpzqbds2pffivefqrchvhpvjbtnl,92,49950
79hdzstwofoureight5bjs,75,50025
t2,22,50047
4pstpbdkxblnmv9nzfzsttfgfivefiverrtlmgj,49,50096
zkkhkggtthree3eightseven,33,50129
d11fourzfcnmzbxgbpf,11,50140
66six53klhrdnbtp85,65,50205
onenineonelsfhzbkjgsfivedhzlfcvh8,88,50293
jdt4four,44,50337
bgfzvxthreeonebhlqjbprf1,11,50348
sevenfourktsxkbbgt5,55,50403
mmqffp1,11,50414
vqghrsgxpsssix2jxzvdjdconeznlgpxbqdlsncrsix,22,50436
5bnzrdptseven8nine,58,50494
zqdklqmjjc2rl8jxtmsixxftvspzlhfive,28,50522
vmn9,99,50621
7mhhcftwofour21sixvvhlmspeight,71,50692
blvhpfour354sevendrllsfivexmt,34,50726
six5fivetxrvnvftfvgcddshzktwo83,53,50779
3mdcpcj,33,50812
zdtjmglv8rkgpfvninethreetfgmx6sksteight,86,50898
48five8mnstwoone7nv,47,50945
cbpvqbddlllczgfmninenine3zqvptoneightx,33,50978
1two2,12,50990
jxfhzr35threesixlxghqbqtq,35,51025
nftv7sevenninetwo2seventwonnkbvqnjjx,72,51097
eightgjeight6f4,64,51161
2fivessrktznhjvxmghnlhbmfseven2two,22,51183
onedhvdg82xdvgmhxzbqrpzlnfx4,84,51267
17nzhkkpchk9,19,51286
dzccfzphmz6sevensixeightmcvxsthree,66,51352
onettfmvfhgsix1two,11,51363
eightone37,37,51400
2onepdnbrbxk4foursevenzrmzmvqzgstppr,24,51424
five536seventhj96,56,51480
nlhqljfzmb4khqtjh,44,51524
j8l,88,51612
2kpmrhmhonefour,22,51634
2jblsixkbblgzbfprhbjnrtspcqs,22,51656
6twothree,66,51722
two19eight9,19,51741
fivexbrjpnhhlvdztthree9,99,51840
jzlmvxjn9oneoneone,99,51939
2cnqphtdjgdnhbkseven2fiveninefive,22,51961
threetwonine67tqpbdfhfbv,67,52028
smgr56slfpdmfive6ninehmqrck,56,52084
fqqnjqpccjqt6six75lpfczmnine,65,52149
bq2mdxchhmbxfzzkqgsixrbcpklpqnxsvnbthree,22,52171
eightthreefxxssg8cx,88,52259
lhlc6,66,52325
nine6onexmvlbtbxznmrztnv,66,52391
8fivedlxzgxxflbltteighttwochtxlfjx,88,52479
seveneightfour1three4gbcnnk,14,52493
8fivejtxbpvmpxoneninesixzdrjhtncbnkgpsxqs6,86,52579
1hxsxn84eight,14,52593
sevenseven71phgltmtxq4,74,52667
8fivepcqthree3dn,83,52750
f6bbrdqflknp,66,52816
fiverpjbb9rjbrfrlrnine,99,52915
zfqpjjktg5seveneightfiveltvvtxdfk,55,52970
flhnczsbx6,66,53036
tsqlvphjmfourrcqsjj7four9six2rnz,72,53108
fivedmznjqtwoqmone1,11,53119
eightfllck3spsfrgz92gmcgkgg,32,53151
tcrrrztsevensixqthpdqgxv91vvhbsqgzkq,91,53242
22pztfnhh554qdvzjxnnzzrj,24,53266
tscrkt4,44,53310
fzmsgmzbz5,55,53365
rxzsnjhcnkthree8eight,88,53453
9fourdhjpp2648,98,53551
4chvdrvtgqgbzhcxztwosixsixhnqknqmntzlltqncdxddnjlk,44,53595
xbfk2cr,22,53617
hrmbslbdgnine8nineeightseven8one3,83,53700
kmkdhbonesix79rbshvkkvjnzzq4,74,53774
9jrz26,96,53870
seven163nine,13,53883
83sixgvhjttnhkq9frphcqrng,89,53972
8five3seven,83,54055
three16xqdzlkqjjtf,16,54071
5fiveeightl8veight1pxfptklnhj,51,54122
npllktfive45nhvqjcjgpxx,45,54167
hbfr9mm,99,54266
onerbfkf4threeone,44,54310
7eightone,77,54387
eight2kmjlsix8one61,21,54408
rvrnrdrninenine3zq6jqsr,36,54444
lztlntnsevenpplkhkftq1,11,54455
tfrrjmcvtbmktnxtxkkrcctmc33four5gfqpcjreight,35,54490
33rgcjxfsfqsvxxbxcnrjfndrrfmrtk,33,54523
3627837xhhb8,38,54561
bmjhkkn4pgf,44,54605
qkrsvjclp23,23,54628
5fourzllbmcgkxsevengkrzkpvcmvgtxlrv6,56,54684
fivetczxxvjrrqfive1sevennvj6one3,13,54697
54697
